62.2416706,25.7495806
62.2417213,25.7496786
62.2420077,25.7502623
62.242069,25.7503819
62.2421341,25.7505088
62.2421815,25.7506026
62.2423162,25.7508629
62.2424798,25.7511816
62.2425252,25.7512667
62.2426077,25.7514213
62.2427974,25.7518099
62.2431802,25.7525663
62.2434849,25.7531667
62.243933,25.7540701
62.2439478,25.7540948
62.2440603,25.7542628
62.2443146,25.7546005
62.2442391,25.7553837
62.244285,25.7556113
62.2448516,25.7563038
62.2458667,25.7583998
62.2463595,25.7594008
62.2465311,25.7597431
62.2468782,25.7603844
62.2469767,25.7605663
62.2471521,25.7608608
62.2474077,25.7612675
62.2475329,25.7614411
62.2478331,25.7618494
62.2484744,25.7626541
62.2485536,25.7627635
62.2489891,25.7634511
62.2499521,25.7669912
62.2499918,25.7672175
62.2503467,25.7690831
62.2503552,25.7691223
62.2504143,25.7693705
62.2504601,25.7695514
62.2506413,25.7702156
62.2507175,25.7704488
62.251071,25.7714965
62.2512173,25.7714004
62.2513199,25.7713324
62.2514971,25.7712644
62.2517925,25.7711476
62.253766,25.7691165
62.2545911,25.7670564
62.2576043,25.7559569
62.2591404,25.7528815
62.2596139,25.7512925
62.2597965,25.7504676
62.2599364,25.7496731
62.2602235,25.747516
62.2604536,25.7459627
62.2632405,25.737473
62.2633305,25.7373045
62.2657017,25.7331613
62.2668131,25.7318983
62.2674942,25.7313993
62.268757,25.7308903
62.2709008,25.7303159
62.2711996,25.7302413
62.28641,25.7229976
62.28782,25.7220483
62.2899206,25.720623
62.296594,25.7164417
62.3005644,25.7147558
62.3008503,25.7146433
62.3039183,25.7129784
62.3142235,25.7022239
62.3183948,25.6996701
62.3187349,25.6995275
62.3230012,25.6985306
62.3370104,25.7029048
62.3375095,25.7031594
62.3420819,25.7041441
62.3424739,25.7040984
62.3482268,25.7023661
62.3486478,25.7022267
62.3517374,25.7012079
62.36042,25.6999242
62.3803796,25.7048841
62.3853518,25.7073639
62.3898884,25.7070775
62.4043753,25.6989697
62.4137166,25.6936663
62.4239098,25.693507
62.4240676,25.6934756
62.4287013,25.6916274
62.4362354,25.6878679
62.4386122,25.6861421
62.4392569,25.6856371
62.4400345,25.6849855
62.4415218,25.6836915
62.4415747,25.6836463
62.4464807,25.6795801
62.4483208,25.6780617
62.4499307,25.6767605
62.4577554,25.671743
62.4578158,25.6717337
62.4609077,25.6712599
62.4613374,25.6711922
62.4631488,25.6709193
62.4638453,25.6708079
62.4652608,25.6705791
62.4733966,25.6713986
62.4756493,25.6722449
62.4774083,25.6729129
62.4832223,25.675126
62.4868353,25.676898
62.4869508,25.6769569
62.4879965,25.6774737
62.4907753,25.6788591
62.4913568,25.6791529
62.4914356,25.6791944
62.4917761,25.6793545
62.4923298,25.6796249
62.492615,25.6797759
62.5078828,25.6870312
62.5123289,25.6882949
62.513207,25.6884472
62.5160326,25.6883647
62.5164267,25.6882166
62.5190131,25.6865406
62.5191676,25.6864765
62.5222891,25.6855728
62.5310822,25.6830433
62.5456084,25.6787259
62.5509141,25.6771287
62.5511171,25.6770672
62.5574214,25.6744344
62.5651162,25.6720984
62.5687579,25.6724685
62.572528,25.6748627
62.5771054,25.6815776
62.5773793,25.68217
62.5877955,25.6958826
62.5880913,25.6958759
62.6040787,25.6897226
62.6058996,25.6898601
62.6073604,25.6896811
62.6085133,25.689317
62.6089563,25.6891536
62.6111956,25.6878966
62.6126948,25.6866848
62.613187,25.6862701
62.6145546,25.6852647
62.6159281,25.6845303
62.6166191,25.6842534
62.6238945,25.6839216
62.6246676,25.6841984
62.6285574,25.6847253
62.6290398,25.6847528
62.6315485,25.684794
62.6331186,25.6848603
62.6349238,25.6848439
62.6411923,25.6917724
62.641643,25.6942962
62.6418456,25.6965011
62.6428131,25.7023403
62.643231,25.7035419
62.6443524,25.7061656
62.6454502,25.7082609
62.6455741,25.7111717
62.6462375,25.7126922
62.6475863,25.7139875
62.648254,25.7143823
62.6527194,25.7211031
62.6545298,25.7242215
62.6561115,25.7261963
62.6569061,25.7274525
62.6580896,25.7291164
62.6651081,25.7407496
62.6674004,25.7444973
62.6685111,25.7463957
62.6686981,25.7467153
62.6688419,25.7469548
62.6690122,25.7472323
62.669933,25.7486987
62.674341,25.755014
62.67837,25.7566498
62.6813195,25.755593
62.6882699,25.7595917
62.6901774,25.7639159
62.6908014,25.7647109
62.6944584,25.7659446
62.6983797,25.7649349
62.6990862,25.7648054
62.6992149,25.7647788
62.7017108,25.7642338
62.7139031,25.7552836
62.7149716,25.7543848
62.7189464,25.7523755
62.7225543,25.7538064
62.7253258,25.7573213
62.7352913,25.7703299
62.7428338,25.7725734
62.7452913,25.773275
62.7489509,25.7743331
62.7498949,25.7746006
62.7518505,25.7751567
62.7520231,25.7752058
62.7532159,25.7755451
62.7651039,25.7788315
62.7684221,25.7797488
62.7723528,25.7808403
62.7731756,25.7810441
62.7767198,25.782133
62.7769484,25.7822032
62.7845132,25.7867915
62.7864438,25.7897586
62.7903103,25.7957015
62.7944326,25.8022898
62.7998475,25.8069559
62.8014326,25.8071671
62.8032695,25.8074263
62.803385,25.8074426
62.8034697,25.8074551
62.8090826,25.8067752
62.8093541,25.8066699
62.8098791,25.8064662
62.8111531,25.8059233
62.8121278,25.8055051
62.8165085,25.8032798
62.8183831,25.802668
62.8215576,25.8041156
62.8231378,25.8063171
62.8238077,25.8075
62.8239379,25.807758
62.8279289,25.8131986
62.8286891,25.8138246
62.8297427,25.8145252
62.8356676,25.8150913
62.8411776,25.8142951
62.8495158,25.8132029
62.8546872,25.8124774
62.8655854,25.8109378
62.8664384,25.8108089
62.867995,25.8106086
62.8692808,25.8104132
62.8699097,25.8103418
62.8825892,25.8112001
62.8842256,25.8116218
62.8843389,25.8116516
62.8860784,25.8121013
62.8863396,25.8121652
62.8931603,25.8137855
62.8938411,25.8139435
62.8959165,25.8144671
62.9000928,25.8155102
62.9007212,25.8156644
62.9041286,25.8164854
62.9061497,25.8169693
62.9086524,25.8175484
62.914771,25.8190854
62.9157084,25.8191776
62.9214505,25.8169355
62.9220445,25.8164003
62.923328,25.8150328
62.9244253,25.8135289
62.9263837,25.8109694
62.926498,25.8108424
62.9267253,25.8106034
62.928483,25.8092759
62.9312764,25.8085654
62.9368823,25.8118291
62.9369947,25.8119372
62.9378082,25.8127145
62.9392431,25.8140382
62.9415705,25.8161811
62.9479133,25.8205805
62.9490533,25.8210392
62.9506332,25.8214759
62.9540325,25.8218266
62.9572309,25.821415
62.9578637,25.8212957
62.9590364,25.8210456
62.9625004,25.8205192
62.9649092,25.8201531
62.9687232,25.8195404
62.970487,25.8192968
62.9737589,25.8188167
62.9778249,25.8191535
62.9832984,25.8205997
62.9834003,25.8206299
62.9874989,25.8216985
62.9890559,25.8221045
62.9952558,25.8237214
62.9973557,25.8243667
63.0010637,25.8251333
63.007573,25.8255244
63.0103246,25.8245875
63.0103897,25.8245482
63.0121502,25.8235133
63.0138038,25.8224879
63.0157395,25.8213213
63.0171334,25.8204899
63.0203676,25.8184486
63.0243895,25.8159677
63.0252944,25.8153882
63.0292659,25.812866
63.0327456,25.8106928
63.0364562,25.8099305
63.0396966,25.8123424
63.0399265,25.8126512
63.040379,25.8132746
63.0404761,25.8134116
63.042245,25.8159082
63.0441504,25.8190118
63.0458586,25.8221172
63.048927,25.8254708
63.0490353,25.8255467
63.0531122,25.8295787
63.0571762,25.8419312
63.0637204,25.8493108
63.064314,25.8498977
63.0645241,25.8501399
63.0648525,25.8505934
63.0651842,25.8510392
63.0660603,25.8523277
63.066612,25.8530332
63.0668555,25.8533482
63.0669908,25.8535229
63.0672768,25.8538864
63.071251,25.8586441
63.0714208,25.8589507
63.0728968,25.8614797
63.0730119,25.8616704
63.0741252,25.863397
63.0746551,25.8641453
63.0749294,25.8649278
63.0752228,25.864837
63.075259,25.8648751
63.076336,25.8658168
63.0766939,25.8660795
63.0804443,25.8655642
63.0806179,25.8654277
63.0850108,25.8626073
63.088071,25.8613146
63.0886773,25.8608301
63.0951843,25.8502418
63.0957822,25.848878
63.0962936,25.847621
63.0983061,25.8427705
63.0985825,25.8421002
63.1022299,25.8333388
63.1038369,25.8294658
63.1045253,25.8278228
63.109673,25.8153231
63.111447,25.8105412
63.1154473,25.7984389
63.1156803,25.797898
63.1168582,25.7951418
63.1204051,25.7883038
63.1222652,25.7850717
63.1236714,25.782184
63.1249762,25.7789386
63.1250794,25.7786875
63.1259958,25.7766798
63.1272357,25.7746573
63.1283134,25.7734349
63.1296791,25.7723836
63.1303268,25.7719706
63.1320979,25.7708194
63.1352525,25.7690924
63.1361485,25.7687103
63.1366436,25.7684991
63.138365,25.7677341
63.1399579,25.7667457
63.1406197,25.766264
63.1414014,25.7657666
63.1428073,25.7648309
63.1428691,25.7647929
63.1443755,25.7637834
63.1482034,25.7614057
63.1511104,25.7614253
63.1567044,25.7610937
63.1573792,25.7606576
63.1609894,25.7563105
63.1623097,25.7542411
63.168311,25.7477004
63.1683806,25.7476119
63.1715807,25.7434335
63.1728871,25.7415242
63.1756984,25.7361956
63.1757345,25.7361295
63.178077,25.7321289
63.1792558,25.7303669
63.1795423,25.7299132
63.1798139,25.7294831
63.1811988,25.7271187
63.181298,25.7269138
63.1826769,25.7236919
63.182809,25.7233571
63.1856589,25.716824
63.1877812,25.7141179
63.1893719,25.7121111
63.1919106,25.7063462
63.1923563,25.7048211
63.1924699,25.7044695
63.1938306,25.7011302
63.1947471,25.6997185
63.1981315,25.6955801
63.2020401,25.6891686
63.2026381,25.6881453
63.202712,25.688019
63.2045953,25.6849921
63.2059374,25.683022
63.210197,25.67837
63.214207,25.675338
63.2143443,25.6752358
63.2149795,25.6747927
63.2192775,25.671072
63.2195994,25.6706072
63.2212584,25.6675341
63.2226605,25.6651175
63.2244762,25.6630221
63.2248795,25.662682
63.2251228,25.6624803
63.2284921,25.6612814
63.2300955,25.6615357
63.2317833,25.6621984
63.2363284,25.6641074
63.237044,25.664408
63.2385189,25.6650179
63.2392993,25.6652368
63.2396773,25.6652766
63.2404508,25.6652316
63.2433893,25.6630706
63.2451829,25.661214
63.246853,25.6597919
63.2474304,25.6592689
63.2485138,25.6583808
63.2542886,25.653743
63.2563024,25.6514327
63.2568795,25.6507795
63.2571993,25.6504219
63.2603065,25.6479741
63.2603997,25.6479518
63.2643867,25.6474713
63.264622,25.6474277
63.2709754,25.6445657
63.2743549,25.6429266
63.27524,25.6424648
63.2774763,25.6416161
63.27841,25.6413136
63.2841821,25.6382521
63.2877005,25.6380375
63.2918854,25.6390879
63.2939776,25.6389527
63.2970956,25.6367399
63.3027634,25.6300564
63.3033749,25.6294325
63.3056229,25.6271491
63.3091498,25.623588
63.3106533,25.6220629
63.3107082,25.6220044
63.3126933,25.619982
63.3158753,25.6167843
63.3192188,25.6134058
63.3236847,25.6089185
63.3240281,25.6085757
63.325507,25.6074556
63.3288237,25.607071
63.3293161,25.6071446
63.3314393,25.607462
63.3331085,25.6077217
63.3348631,25.6078032
63.3378772,25.6071037
63.3383564,25.6068553
63.3417402,25.6042997
63.3450066,25.6027435
63.3457462,25.6026201
63.3485501,25.6020077
63.3517527,25.5998907
63.3518898,25.5997764
63.3528209,25.5990501
63.3548137,25.5977535
63.3548466,25.5977366
63.3569701,25.5967933
63.3584055,25.5958502
63.3613822,25.5925823
63.3618232,25.5920574
63.3627818,25.5909579
63.3638403,25.5897907
63.3641732,25.5894964
63.3647406,25.5890035
63.3665256,25.5877114
63.3674562,25.5871887
63.36869,25.5864834
63.3688432,25.5863793
63.36971,25.5858765
63.3706802,25.5854849
63.3712487,25.5852677
63.3713736,25.5852167
63.3720997,25.5850845
63.3770786,25.5910343
63.3784332,25.5938587
63.3806246,25.5987025
63.3824982,25.6033748
63.3839162,25.6082297
63.3844708,25.610277
63.3846048,25.610747
63.3861868,25.617024
63.3863034,25.6174891
63.3874838,25.6220658
63.3881091,25.6245546
63.3890558,25.6280305
63.3905344,25.633664
63.392828,25.64053
63.3931412,25.6411317
63.3942197,25.6428746
63.395058,25.6438868
63.3955597,25.6443995
63.3989567,25.6460544
63.4038453,25.6447028
63.4061118,25.6439406
63.4101973,25.643265
63.4124018,25.6430518
63.4163117,25.6426974
63.4254274,25.6411964
63.4329263,25.6442429
63.4335661,25.6444841
63.4340207,25.6446768
63.4541776,25.6398336
63.4764039,25.6518867
63.4787868,25.6533229
63.4817533,25.6556091
63.4842902,25.6587757
63.4844625,25.6590602
63.4849723,25.6598503
63.4886775,25.6652204
63.4897103,25.6667721
63.4898266,25.6669354
63.4914438,25.6695093
63.4940902,25.676083
63.4945135,25.6771343
63.4948363,25.6780001
63.4952314,25.6790211
63.4997871,25.6910329
63.5002964,25.692363
63.5044982,25.7033845
63.5052584,25.7054287
63.5104712,25.7189926
63.5157307,25.7314709
63.5196928,25.7351321
63.5259548,25.7394934
63.5310794,25.7431296
63.5320958,25.7440792
63.5347602,25.7468117
63.5453898,25.7577836
63.5458056,25.7582108
63.546537,25.7589956
63.5498675,25.7623842
63.5506033,25.7630663
63.5507102,25.76315
63.5525954,25.7640815
63.5548135,25.763809
63.5584543,25.7627855
63.5598554,25.7623746
63.5620132,25.7617606
63.5622384,25.7616911
63.5650609,25.7608892
63.581787,25.7741661
63.5839024,25.7775552
63.5861632,25.7815368
63.5880483,25.7848692
63.5915946,25.7909663
63.5961981,25.796216
63.5989754,25.7985579
63.6052067,25.7951474
63.6087904,25.7912256
63.6180843,25.7845231
63.6239253,25.7848495
63.6240993,25.7848632
63.630852,25.7858884
63.6375464,25.8043862
63.6425383,25.8202392
63.6430297,25.8219819
63.6439701,25.8253248
63.6444984,25.827167
63.6456043,25.830545
63.6464353,25.832675
63.6468816,25.8338487
63.6510937,25.8448001
63.6595479,25.8670341
63.6608769,25.8705466
63.6609663,25.8707784
63.6622724,25.8741478
63.6631411,25.8763602
63.665201,25.8799495
63.665412,25.880198
63.6664478,25.8812768
63.6669581,25.8817353
63.6680636,25.8826896
63.6687598,25.8832842
63.6726391,25.8866583
63.6730397,25.8870067
63.677065,25.8903899
63.677445,25.8907693
63.6816895,25.8944383
63.6854969,25.8977222
63.692319,25.9036532
63.6923717,25.9036962
63.6943687,25.9054672
63.6945928,25.9056695
63.6969865,25.9075656
63.697815,25.9083327
63.6987666,25.9091294
63.7071707,25.9162475
63.707651,25.9166448
63.7104641,25.9176651
63.7114986,25.9175667
63.7126523,25.9174249
63.7132014,25.9174334
63.7144166,25.917313
63.7145449,25.9172969
63.7165893,25.9169829
63.717655,25.9168525
63.71792,25.9168198
63.7210336,25.9163894
63.7238273,25.9160633
63.7259239,25.9162435
63.7273261,25.916855
63.7288096,25.9179467
63.7312689,25.9202388
63.7333433,25.9229305
63.7362972,25.9277063
63.7372159,25.9293025
63.7400957,25.9339699
63.744739,25.9391972
63.7460114,25.9404843
63.7504052,25.9452649
63.7540211,25.9467463
63.7560458,25.9463324
63.7593468,25.9451224
63.760995,25.944492
63.7640874,25.9433097
63.7712996,25.9419205
63.7745867,25.9408723
63.7775516,25.9386791
63.7841639,25.9301234
63.7932287,25.9189586
63.7951641,25.917655
63.8008594,25.915611
63.8052235,25.9140283
63.8076889,25.9121628
63.8079034,25.9119707
63.8085509,25.9112744
63.8087563,25.9110535
63.8091791,25.9105312
63.8095599,25.9100822
63.8128795,25.9042653
63.8141718,25.9016984
63.8161043,25.8983719
63.8196868,25.8930665
63.8210776,25.8909808
63.8230343,25.8881076
63.823947,25.8867003
63.8242861,25.886208
63.8268218,25.8815225
63.8293193,25.8767899
63.8293333,25.8767599
63.8303149,25.8745853
63.8315783,25.8717463
63.8330453,25.8684536
63.8332479,25.8679452
63.8340224,25.866129
63.8356186,25.8626147
63.8384451,25.8589095
63.8409649,25.8563322
63.8410245,25.8562719
63.8437695,25.8534306
63.847341,25.8496793
63.8488655,25.8482379
63.850906,25.8467113
63.8542723,25.8432947
63.8710818,25.8196703
63.8725836,25.8164206
63.873641,25.8147008
63.8804935,25.8074785
63.8821718,25.8058687
63.8917716,25.7995237
63.8961428,25.7984519
63.9026024,25.7980316
63.9090037,25.7999528
63.912191,25.8015121
63.9136126,25.8030731
63.9157429,25.8061055
63.9203553,25.8128403
63.9205102,25.8130643
63.9327484,25.8215406
63.9387606,25.8174668
63.9435945,25.8125239
63.9473232,25.8088071
63.9511301,25.8049311
63.9515521,25.8043709
63.9539319,25.8004042
63.9548869,25.7982596
63.9550816,25.7977673
63.9562548,25.7944247
63.9566569,25.7931004
63.9589148,25.7870867
63.9694122,25.7698322
63.9708747,25.7674389
63.9721579,25.7653697
63.9730454,25.7639667
63.9732004,25.7637521
63.9732387,25.763705
63.9736397,25.7632536
63.9738043,25.7630739
63.9742969,25.7626444
63.9744602,25.7625376
63.9745167,25.7621822
63.9748157,25.7613007
63.9758981,25.7599216
63.9761985,25.7596373
63.9766601,25.7594204
63.9776988,25.7590731
63.9780821,25.7588473
63.978503,25.7588035
63.978583,25.7589614
63.9786559,25.7589811
63.9787132,25.7589373
63.9790137,25.7586423
63.9792763,25.7583736
63.9801573,25.757944
63.9810557,25.7575633
63.981648,25.7574607
63.9817431,25.7574517
63.9818067,25.7574485
63.9827019,25.7577028
63.9827339,25.7578097
63.9829031,25.7579143
63.9829642,25.7578419
63.9836901,25.7582735
63.9849188,25.7589093
63.9855039,25.7590796
63.9858446,25.7591767
63.9870569,25.7593925
63.9884895,25.7593163
63.9886624,25.7592797
63.989898,25.7588488
63.9904328,25.7585845
63.9918327,25.7576076
63.9944661,25.7557614
63.9988328,25.7550451
64.0008797,25.7550019
64.0039914,25.7556127
64.0058026,25.7566588
64.007373,25.7575528
64.0103968,25.7593366
64.0116593,25.7600636
64.0152229,25.7621636
64.0153625,25.7622261
64.0184148,25.7641507
64.0214677,25.7674904
64.0266209,25.7739379
64.032082,25.7807904
64.0361337,25.7839737
64.0436137,25.7885711
64.0450958,25.7894861
64.0744949,25.7995992
64.0806454,25.8002976
64.0853572,25.8006602
64.0895185,25.8008113
64.0903703,25.8008352
64.090406,25.8008362
64.0916306,25.8008625
64.0918497,25.8008636
64.0930636,25.8009135
64.1002051,25.8011546
64.1010414,25.8011576
64.1015311,25.8011658
64.1022369,25.8011689
64.1093179,25.8013905
64.1141155,25.8015458
64.1187732,25.8013452
64.1202596,25.8011742
64.1277145,25.8003452
64.1452731,25.7984189
64.147072,25.798306
64.1574436,25.7993544
64.1599454,25.7996012
64.173729,25.8018238
64.1763969,25.8027805
64.1773011,25.8031057
64.1788343,25.8037579
64.1789691,25.8038131
64.1805836,25.8043214
64.1814943,25.8046585
64.1817851,25.8047519
64.1823072,25.8049031
64.1835207,25.8051546
64.1841842,25.8052266
64.1867515,25.8054985
64.1908354,25.8058443
64.1936478,25.8062051
64.1939322,25.8062701
64.1949389,25.8065958
64.200514,25.8118836
64.200974,25.8123723
64.2053033,25.8170418
64.2174003,25.8300559
64.2188539,25.831504
64.2196859,25.8323065
64.2220006,25.8342046
64.2259989,25.8370357
64.2316076,25.8409653
64.2317005,25.8410351
64.2367914,25.8445725
64.2370279,25.844735
64.2398828,25.8468086
64.2402414,25.8471299
64.2435528,25.8504002
64.2493094,25.8560267
64.2497926,25.8565239
64.2506347,25.8573744
64.2520687,25.858831
64.2539801,25.8606983
64.2605228,25.864697
64.2611177,25.8650023
64.2613729,25.8651405
64.2614443,25.8651796
64.2619786,25.8654722
64.2644755,25.8669399
64.2646056,25.8670128
64.2662141,25.8677733
64.2685638,25.8688631
64.2698875,25.8689111
64.2742216,25.8692971
64.2768609,25.8719175
64.277068,25.8722488
64.2801341,25.8759219
64.2803282,25.8759571
64.284114,25.8733639
64.2851869,25.8720657
64.2860857,25.8708966
64.2887687,25.867523
64.2905007,25.8653312
64.2926084,25.8628203
64.2933549,25.8619939
64.2973297,25.8591822
64.3063403,25.8568523
64.3241005,25.8659363
64.3259165,25.8660995
64.3259616,25.8661122
64.3284043,25.8663281
64.3357874,25.8698569
64.336165,25.8701255
64.3362992,25.870221
64.3365275,25.8703745
64.336888,25.8706527
64.3372594,25.8709199
64.3383543,25.8717159
64.3396389,25.8726763
64.3449405,25.8777241
64.3496533,25.8835234
64.3586824,25.8885927
64.3622907,25.8875566
64.3635019,25.8867963
64.3646679,25.8858883
64.3650328,25.8855663
64.3678251,25.8822365
64.3679066,25.8821128
64.3679855,25.8819898
64.3711397,25.8759722
64.3744802,25.8674
64.3768953,25.8612924
64.3789035,25.8563527
64.3842296,25.8446976
64.3863769,25.8421173
64.3872151,25.8413879
64.3898124,25.8394434
64.391041,25.8385828
64.3940512,25.8364756
64.3948232,25.8358935
64.397365,25.8340167
64.4004108,25.8319599
64.4012463,25.831567
64.4016056,25.8314213
64.4041314,25.8305288
64.4123085,25.8167863
64.4175101,25.8072474
64.4186047,25.8054042
64.4239576,25.7962845
64.4247831,25.7948774
64.4278742,25.7895819
64.4353799,25.7768439
64.4356177,25.7764656
64.4363622,25.7751391
64.4368401,25.7743422
64.4376282,25.772979
64.4407935,25.7676537
64.4408371,25.7675666
64.4460485,25.7587307
64.4505925,25.751098
64.4518716,25.7488834
64.4547994,25.7439909
64.4618595,25.7321552
64.4648887,25.726977
64.4679147,25.7218903
64.4683917,25.7211015
64.4693655,25.7194545
64.4697369,25.7188068
64.4706259,25.7172936
64.4721211,25.7147719
64.4800806,25.7014145
64.4825612,25.6971537
64.4825769,25.6971212
64.4834514,25.695688
64.4878385,25.6884151
64.4903637,25.684918
64.4906243,25.6845033
64.4938877,25.6780257
64.4962323,25.67319
64.4991062,25.6673228
64.5006265,25.6641722
64.5008297,25.6637671
64.5020074,25.6617562
64.5023627,25.6613737
64.5026664,25.6610987
64.5069322,25.6591609
64.5077258,25.6589266
64.5092892,25.6583552
64.5097466,25.6580442
64.5102661,25.657826
64.5132419,25.6567448
64.5144553,25.6568599
64.5158762,25.6577989
64.5178624,25.6599853
64.5195786,25.6618587
64.5244327,25.6651569
64.5266036,25.6662594
64.5273119,25.6666192
64.5296341,25.6678219
64.5303965,25.6682167
64.5444258,25.6753633
64.5528352,25.679635
64.5561306,25.6809825
64.5572647,25.681232
64.5582122,25.6814252
64.5584453,25.6814628
64.5589517,25.6815348
64.5647995,25.6811288
64.5701457,25.680034
64.5809828,25.6773665
64.5864032,25.6727423
64.5898985,25.6693647
64.5908586,25.6685243
64.5961807,25.6634438
64.5971244,25.6626319
64.6071211,25.6532718
64.6089748,25.6515384
64.6092449,25.6512717
64.6112963,25.649318
64.6135344,25.6478505
64.6148517,25.6473083
64.6196398,25.6462807
64.6206168,25.6460314
64.6228864,25.6454966
64.623078,25.6454533
64.6241344,25.6452145
64.6270421,25.6445582
64.6299801,25.6438733
64.6306741,25.6436894
64.6315799,25.6434307
64.6340066,25.6428067
64.6359658,25.6418539
64.6362577,25.6416757
64.6372829,25.6409949
64.6402928,25.6383527
64.6435572,25.6343338
64.6469444,25.629116
64.648954,25.6259138
64.6500883,25.6244065
64.6533716,25.620545
64.6536388,25.6202628
64.6544753,25.6193632
64.6557213,25.6178429
64.656526,25.6169201
64.6572622,25.616049
64.6580657,25.6151199
64.6602795,25.6125375
64.6607049,25.6120395
64.6634372,25.608841
64.6649529,25.6071036
64.6650207,25.6070259
64.6677214,25.6040845
64.6705335,25.6024535
64.6705545,25.6024487
64.6760707,25.6017406
64.6817184,25.6009271
64.6852652,25.5981614
64.685573,25.5977639
64.6918326,25.5881427
64.6938139,25.5850397
64.7002008,25.5764362
64.7066019,25.5715529
64.7095605,25.5697144
64.7112274,25.5690165
64.7113205,25.5689763
64.7224866,25.5684806
64.7237143,25.5684919
64.7242659,25.5685122
64.7254708,25.5685448
64.7300289,25.5685885
64.7327633,25.5685696
64.7348423,25.568573
64.7365246,25.5686839
64.7365652,25.5686947
64.739102,25.567603
64.7395324,25.5672188
64.7438076,25.5634368
64.7462293,25.5613047
64.7486896,25.5586048
64.7502102,25.5562844
64.7519313,25.5542132
64.751979,25.5541565
64.7543908,25.5512931
64.7553597,25.5501708
64.7564242,25.5494316
64.7579312,25.5490321
64.7583648,25.5489263
64.7606443,25.5483681
64.7613194,25.5482035
64.7628024,25.5478866
64.7654883,25.5478528
64.7689131,25.547935
64.7729977,25.5481709
64.776651,25.5481626
64.7777022,25.5481365
64.7811417,25.5475593
64.7813356,25.5474992
64.7814662,25.5474562
64.7835589,25.5467633
64.7859843,25.5446969
64.7880693,25.5421984
64.7909533,25.5393733
64.7924665,25.5362032
64.7947544,25.5306723
64.7967413,25.5261608
64.7982683,25.5227245
64.8020954,25.5139654
64.8069055,25.5031117
64.8081773,25.5001402
64.8124785,25.489718
64.8125793,25.4895025
64.8130874,25.4884472
64.8134318,25.4876935
64.8138226,25.4870473
64.8140465,25.4868265
64.8150503,25.485578
64.8151283,25.4856086
64.8163432,25.4872989
64.8165631,25.4876676
64.8201854,25.4928879
64.8223946,25.4959442
64.8225589,25.4961707
64.8261819,25.5011587
64.8263938,25.5014384
64.8599324,25.5161935
64.8638217,25.5184083
64.8642703,25.5185935
64.8692137,25.5197635
64.8778708,25.5203564
64.8781508,25.520378
64.9022252,25.5334178
64.9087432,25.5368777
64.9188457,25.5353133
64.9194114,25.535358
64.9198265,25.5354239
64.9258359,25.5381297
64.9277022,25.539184
64.9281108,25.5393638
64.9372241,25.5398792
64.9443087,25.535476
64.9489699,25.5308411
64.9492831,25.5304672
64.9515085,25.5276311
64.9517077,25.5273436
64.9551513,25.5222447
64.9597301,25.5173718
64.9619569,25.5157529
64.9639158,25.5147488
64.9728763,25.5121091
64.9734472,25.511919
64.9752472,25.5113291
64.9757924,25.5110905
64.9800558,25.5085743
64.9818456,25.5074599
64.9867832,25.5053789
64.9902271,25.5048912
64.9975062,25.5065838
64.9979153,25.5066883
64.9986817,25.5069127
64.9998812,25.5072294
65.0042026,25.507325
65.004832,25.5071895
65.0057786,25.5069715
65.0063351,25.5068161
65.0152781,25.5073841
65.0207316,25.5084561
65.0213302,25.5084497
65.0219028,25.5084653
65.0232425,25.5084859
65.02342,25.5084954
65.0238555,25.5084542
65.0266774,25.5070237
65.0302263,25.5005869
65.0306232,25.4995492
65.0307931,25.4990645
65.0387124,25.4798586
65.0417245,25.4721201
65.0483902,25.4601404
65.0492254,25.4587725
65.0593477,25.4451817
65.0600312,25.4445928
65.0603915,25.4443162
65.0652595,25.4420526
65.0655784,25.4419927
65.0679635,25.4419485
65.0680656,25.4419528
65.0700622,25.4421604
65.070135,25.442168
65.0740292,25.4424685
65.0762136,25.4423947
65.0773357,25.4422742
65.083449,25.4408056
65.0849797,25.4402
65.1006494,25.4315934
65.1007165,25.4315555
65.1019966,25.4309052
65.1031289,25.4304187
65.1069913,25.4292299
65.1085904,25.4289891
65.1130009,25.4290438
65.115459,25.4294642
65.1177487,25.4299441
65.1183632,25.4300729
65.1266429,25.4318408
65.1327123,25.4330796
65.1565758,25.4295605
65.1620767,25.4277742
65.183566,25.4269557
65.1877383,25.4274067
65.1881405,25.4274804
65.1888662,25.4276505
65.1899345,25.427815
65.19219,25.4279114
65.1925612,25.427866
65.1956099,25.4270801
65.202895,25.4216185
65.2051245,25.4187085
65.2053195,25.418425
65.2339833,25.3896969
65.2341814,25.3895805
65.2357804,25.3886378
65.2441491,25.3836432
65.2462795,25.3821613
65.2559384,25.3732744
65.2622629,25.366198
65.264762,25.3639357
65.2661793,25.3630395
65.2667935,25.3628275
65.2691914,25.3626977
65.2742948,25.364888
65.2776354,25.366624
65.280192,25.3679406
65.2819341,25.3688414
65.2841475,25.3700528
65.2874318,25.3722211
65.2883784,25.3727579
65.288954,25.3728688
65.2891528,25.3729165
65.2893732,25.3729597
65.2901436,25.3730717
65.291197,25.373147
65.2932715,25.3731361
65.2956831,25.3733593
65.2972017,25.3737242
65.3015894,25.374787
65.3032114,25.3750013
65.3034177,25.3750187
65.3039106,25.3750604
65.3061025,25.37479
65.3063866,25.3747312
65.3065743,25.3746972
65.307245,25.3745755
65.3075535,25.3745908
65.3085629,25.3743688
65.3088203,25.3743306
65.3107693,25.3738873
65.3169923,25.3734353
65.3173364,25.3738186
65.3173597,25.3739417
65.3175129,25.3741661
65.317622,25.3740993
65.3180053,25.3740693
65.3215918,25.378056
65.3218934,25.3783442
65.3221009,25.3788395
65.3221046,25.3789562
65.3222367,25.3792679
65.3223446,25.3792365
65.3226409,25.3792861
65.3229205,25.379447
65.3232919,25.3797142
65.3274829,25.3789709
65.3287976,25.3782412
65.3299737,25.3776259
65.3303169,25.3774217
65.3305057,25.3773193
65.3318182,25.3765943
65.3330246,25.3755758
65.3333512,25.3751797
65.3340146,25.3741122
65.3360233,25.3697582
65.3393832,25.3678003
65.3406751,25.3680924
65.3413132,25.3682476
65.3433819,25.3687586
65.3442497,25.3689767
65.3452072,25.3692174
65.346213,25.3694532
65.3465194,25.369515
65.3481462,25.3698628
65.3493954,25.3701566
65.3516668,25.370689
65.3552978,25.3715401
65.3575296,25.3720634
65.3642479,25.3736433
65.3663552,25.3741386
65.3675373,25.3743815
65.3683084,25.37454
65.3892028,25.3794962
65.3896919,25.3796023
65.3900218,25.3796831
65.3911585,25.3799425
65.391373,25.3799921
65.4093772,25.3843036
65.4102196,25.3845094
65.4173595,25.3861312
65.4189022,25.3864845
65.4200179,25.3866323
65.4217804,25.3868851
65.4219619,25.3868975
65.450654,25.3780377
65.4513752,25.3785221
65.4538772,25.3798875
65.4591378,25.378857
65.4612043,25.3768583
65.4617745,25.3762051
65.4627372,25.3750609
65.4635183,25.3741393
65.4639183,25.3736869
65.4654294,25.3718923
65.4666229,25.370327
65.4714206,25.361658
65.476188,25.3506431
65.4802773,25.3444094
65.4818553,25.3427982
65.4838053,25.3404057
65.4873486,25.3343466
65.489156,25.3300596
65.489366,25.3295009
65.4906327,25.326294
65.4958346,25.3128644
65.4962087,25.3119072
65.4984609,25.3061378
65.5097576,25.2893392
65.513934,25.2842857
65.5195192,25.272177
65.5209885,25.2678908
65.5219374,25.265281
65.5258184,25.259838
65.5277969,25.2587691
65.528958,25.2578911
65.5300443,25.2567813
65.5313517,25.2549077
65.5333784,25.2510761
65.5394299,25.245208
65.5450421,25.2430406
65.5507895,25.2406121
65.5514422,25.240332
65.5607519,25.2359413
65.5614551,25.2352317
65.5616325,25.23499
65.5625071,25.2336356
65.562871,25.2329935
65.5631148,25.2325299
65.5708727,25.2169474
65.5806777,25.2011563
65.5808235,25.2009912
65.5809938,25.2008261
65.5852313,25.1975404
65.5858038,25.1972799
65.5868665,25.1967819
65.5917095,25.1958377
65.5969196,25.1950292
65.5973238,25.1949401
65.5980786,25.1948006
65.5986676,25.1945889
65.6003586,25.1934602
65.6008537,25.1930006
65.6023957,25.1909928
65.6042222,25.1874392
65.6047906,25.1862568
65.6078932,25.1796871
65.609045,25.1772893
65.6096065,25.1761245
65.6098028,25.1758645
65.6193744,25.1583845
65.6232133,25.1478255
65.6264125,25.138542
65.6271774,25.1362942
65.6320757,25.123544
65.6324431,25.1227409
65.6467417,25.0990888
65.6537728,25.0900286
65.6575159,25.0823621
65.6579715,25.0802282
65.6588138,25.0742979
65.6588519,25.0740507
65.6592111,25.0715293
65.6601344,25.0648152
65.6601642,25.0644821
65.6603197,25.0623824
65.6603741,25.060669
65.6603806,25.0593971
65.660335,25.0576026
65.6603132,25.0569863
65.6602132,25.0557194
65.6600968,25.0540077
65.6604348,25.040836
65.6607169,25.0368546
65.6608072,25.0353006
65.6609028,25.0332452
65.6608701,25.0258419
65.6629291,25.0022322
65.6629978,25.0017953
65.6651652,24.9884147
65.6661194,24.9826384
65.6686909,24.9463288
65.6686083,24.9443754
65.6690354,24.9324947
65.6691254,24.9316458
65.6695131,24.9285614
65.6696075,24.9279418
65.6696719,24.9275001
65.6699601,24.9256841
65.6701003,24.924831
65.6748657,24.8861692
65.6748638,24.8859781
65.674796,24.8541957
65.6748169,24.8537847
65.6751181,24.8491434
65.6751376,24.8488452
65.6768001,24.8217571
65.6768395,24.8206213
65.67688,24.8186915
65.676883,24.8183896
65.675244,24.7912659
65.674793,24.7800446
65.674799,24.7797718
65.6784858,24.7499079
65.6786879,24.7469806
65.6787798,24.7443876
65.6788037,24.7436385
65.6788311,24.7428338
65.678901,24.7409606
65.6789546,24.7398593
65.6808664,24.7289701
65.6870151,24.7116013
65.6930376,24.6833914
65.6975508,24.6714412
65.6976625,24.6711463
65.6991984,24.6673178
65.7033673,24.6549803
65.7035375,24.6543895
65.7088969,24.6346506
65.7089743,24.6344032
65.7109077,24.6280141
65.7119721,24.6247683
65.7121444,24.6242498
65.7128082,24.6222764
65.7160324,24.6128629
65.7193212,24.6052698
65.7231654,24.5994408
65.723313,24.5992614
65.7289872,24.5923341
65.7321508,24.5901983
65.7415859,24.5859815
65.7446013,24.5823355
65.7540538,24.5734073
65.7581788,24.5720272
65.7730945,24.5654074
65.7766228,24.5555505
65.7840554,24.5422958
65.7847469,24.5411713
65.7870312,24.5369067
65.789173,24.532429
65.7904263,24.5298186
65.792559,24.5253046
65.7959831,24.519394
65.8006639,24.5160856
65.8035918,24.5147199
65.80895,24.508748
65.8091672,24.5083797
65.8143325,24.4983437
65.8186421,24.4936751
65.8192201,24.4931496
65.8200475,24.4939726
65.8218133,24.4950361
65.8224735,24.4952516
65.8259491,24.497074
65.8262374,24.4973233
65.8264024,24.4974637
65.8389063,24.5113416
65.8422304,24.5153379
65.8450916,24.5193664
65.855072,24.5350317
65.8617988,24.5412723
65.8756812,24.5488753
65.8792808,24.5533985
65.8807368,24.5556789
65.8810022,24.5562308
65.8841851,24.5621317
65.8927536,24.5672415
65.9001627,24.5721654
65.9025792,24.5748602
65.9069332,24.581339
65.9107518,24.5884851
65.9128315,24.5923835
65.9279749,24.6176186
65.9330339,24.6244732
65.9376326,24.631299
65.9418424,24.6401055
65.9452745,24.6450542
65.9481603,24.6479262
65.9527948,24.6513205
65.9563313,24.6538351
65.9736982,24.6702755
65.9825256,24.6745167
65.9975508,24.6943795
65.9989298,24.6956535
65.9991574,24.6958637
66.0020938,24.6982738
66.005267,24.7015984
66.0072672,24.7042187
66.0095361,24.706268
66.0120917,24.7074205
66.0121535,24.707455
66.0139536,24.7080535
66.0172,24.7097517
66.0195269,24.711883
66.0230744,24.7163001
66.0250077,24.7179489
66.0273173,24.7187222
66.0371168,24.7297937
66.0433447,24.7363919
66.046463,24.7390102
66.0538588,24.7466526
66.0583356,24.7512365
66.06241,24.7554534
66.0688825,24.7593142
66.0736081,24.7577939
66.0745107,24.7574959
66.0748593,24.7574186
66.076403,24.7573836
66.0780638,24.7580182
66.080478,24.7601884
66.0840586,24.7669282
66.0850448,24.7693696
66.0851291,24.7695623
66.0859117,24.7711855
66.0868811,24.7728966
66.0876769,24.7741168
66.0897719,24.776637
66.0918043,24.7783772
66.0929191,24.779353
66.0938443,24.7803658
66.095101,24.7819746
66.1105359,24.8198474
66.1123275,24.8245278
66.1224642,24.8523809
66.1227306,24.8530703
66.1229138,24.8535797
66.1254467,24.8622939
66.1263089,24.8668445
66.1264333,24.8677145
66.1286255,24.883103
66.1286461,24.8832226
66.1316227,24.9004655
66.1329244,24.9083911
66.1338768,24.9148804
66.1344839,24.9190158
66.1350645,24.9225229
66.1357874,24.926506
66.1378364,24.9354441
66.139448,24.9412355
66.1400959,24.9434049
66.1404492,24.9446545
66.1406553,24.9453749
66.141075,24.9468875
66.1422191,24.951486
66.1427187,24.9537221
66.1437935,24.9580699
66.14442,24.9601647
66.14539,24.9630741
66.1470963,24.9682562
66.1471412,24.9683927
66.1477152,24.9701359
66.1489713,24.9741302
66.1497168,24.9767089
66.1500869,24.9780473
66.150969,24.9820577
66.1523832,24.9922893
66.1526891,24.9976472
66.1527633,25.0016014
66.1527613,25.0024
66.1527345,25.0042749
66.1560459,25.0537093
66.1560897,25.0541985
66.160558,25.1033123
66.1605916,25.1034549
66.1612323,25.1062195
66.161663,25.1081262
66.1637327,25.1180176
66.1637864,25.1183181
66.1652941,25.1293287
66.1656706,25.1337098
66.1656879,25.1339486
66.1659786,25.1390772
66.1662424,25.1459375
66.1667526,25.1555878
66.1668824,25.1568959
66.167097,25.1587203
66.1697239,25.1735135
66.1701248,25.1767868
66.1714682,25.1960847
66.1739254,25.2220605
66.1738548,25.2228173
66.1732127,25.2319487
66.1732819,25.23424
66.1735748,25.2380974
66.1740895,25.2426667
66.1743492,25.2450206
66.17461,25.2473695
66.1746253,25.2475074
66.1747838,25.2489357
66.1747949,25.24903
66.1750859,25.2515635
66.1757586,25.2552622
66.1874763,25.2768626
66.1921642,25.2815986
66.192282,25.2817189
66.1931816,25.2826078
66.1942624,25.283705
66.1955253,25.2850147
66.2001977,25.2897312
66.2007813,25.2902895
66.2061572,25.2957084
66.2095934,25.2994902
66.2113459,25.3015101
66.2142799,25.3053935
66.2149017,25.3062651
66.2173115,25.3098521
66.2232364,25.3225122
66.2250703,25.3249316
66.2256761,25.3257423
66.2256986,25.3257724
66.2267271,25.3271737
66.227134,25.3277126
66.2272099,25.327817
66.2278149,25.3286337
66.2284073,25.3294131
66.2286292,25.3296964
66.229726,25.3311756
66.2307693,25.3325828
66.2309087,25.3327549
66.2318312,25.3337565
66.2319077,25.3338368
66.2326286,25.334558
66.2332733,25.3352032
66.2340754,25.3360172
66.2353183,25.3372656
66.2353292,25.3372766
66.2362492,25.3382592
66.2362768,25.3382849
66.2399695,25.340762
66.2416245,25.3417669
66.2422878,25.34233
66.2458578,25.3445049
66.2475444,25.3444404
66.2483595,25.3443621
66.2493201,25.3442744
66.2508796,25.3441014
66.2520882,25.3440077
66.2551222,25.3436602
66.2555881,25.3435989
66.2565931,25.3434615
66.2567195,25.3434478
66.259988,25.3426142
66.2612872,25.3415581
66.2627815,25.3395771
66.2634503,25.3385812
66.263695,25.3382169
66.2645143,25.3369968
66.2657458,25.3351746
66.2680876,25.3321141
66.2686577,25.3318001
66.2702282,25.3309973
66.2717487,25.3302378
66.2720014,25.3301042
66.2743247,25.3295872
66.2748543,25.329887
66.2749407,25.3299495
66.2766809,25.3316762
66.2777275,25.3327748
66.278122,25.3331889
66.2781559,25.3332245
66.2787961,25.3339082
66.2823901,25.3377251
66.2885204,25.3468863
66.2899001,25.3486626
66.2899746,25.3487421
66.2918273,25.3500461
66.2936345,25.3507835
66.2944652,25.3511224
66.2951916,25.3514188
66.2960578,25.3517723
66.2977491,25.3524674
66.2984792,25.3527676
66.3012736,25.3539382
66.302653,25.3550203
66.304075,25.3562837
66.3047582,25.3569157
66.3073475,25.3592776
66.3110812,25.3616565
66.311842,25.361729
66.3118699,25.3617311
66.3125798,25.3617638
66.3143541,25.3618408
66.3150319,25.3618518
66.3155753,25.3618199
66.3166333,25.3614968
66.3167124,25.3614635
66.3215054,25.357794
66.3237756,25.3559386
66.3265071,25.3537163
66.3309722,25.3501062
66.3309931,25.3500893
66.3352259,25.3466664
66.3362446,25.3458426
66.3379642,25.3444709
66.339907,25.3429009
66.3399261,25.3428855
66.3415891,25.3415908
66.3449948,25.3428548
66.346306,25.3446461
66.3475193,25.3462668
66.3499013,25.349488
66.3538555,25.3548242
66.3572666,25.359425
66.3597123,25.3627241
66.3617727,25.3655211
66.3624416,25.3665665
66.3629295,25.3673998
66.3649582,25.3709158
66.3655196,25.3717864
66.3655721,25.3718671
66.3662767,25.3728104
66.3666808,25.3733513
66.3677822,25.3748239
66.3699247,25.3776983
66.3714824,25.3798001
66.3718218,25.3802413
66.3726551,25.3813418
66.3727145,25.3814221
66.3739497,25.3827892
66.3754648,25.3833436
66.3760842,25.3832512
66.3762335,25.383195
66.3776792,25.3820322
66.3803687,25.3794354
66.3813423,25.3788579
66.3837289,25.3775171
66.3844484,25.3771496
66.3852506,25.3768968
66.3862811,25.3768352
66.3875877,25.3772208
66.3891246,25.3780392
66.3900395,25.3785016
66.3910355,25.3790049
66.3916297,25.3793053
66.3919506,25.3795655
66.3930649,25.3808632
66.394102,25.3820753
66.3941144,25.3820908
66.399928,25.3879892
66.4014271,25.3889823
66.4029314,25.3903028
66.4061572,25.3955669
66.4072157,25.3974835
66.4080596,25.3990133
66.4090542,25.4008163
66.4101432,25.4027904
66.4105461,25.4035194
66.4115365,25.4053391
66.4138098,25.4094056
66.4149695,25.4113377
66.4186044,25.4154725
66.4188388,25.4157393
66.4188548,25.4157564
66.4217687,25.418881
66.4240633,25.4213277
66.4286871,25.4269311
66.4288077,25.4271736
66.4300218,25.4305225
66.4311448,25.4384101
66.4316115,25.4452451
66.4319059,25.4497178
66.4322203,25.4544738
66.4323899,25.4570333
66.4324709,25.4599223
66.4323938,25.4618091
66.4321919,25.4657613
66.4320491,25.4689552
66.4319533,25.4710989
66.4319405,25.4713848
66.4319115,25.4719589
66.4318325,25.473669
66.4317413,25.475644
66.4316658,25.4772778
66.4315994,25.4787731
66.431571,25.47939
66.431502,25.480892
66.4314323,25.4823759
66.4313288,25.4848117
66.4312546,25.4869997
66.431467,25.4922077
66.4317222,25.4943145
66.4324724,25.5002155
66.4325397,25.5008003
66.4327898,25.5030819
66.4330486,25.5052577
66.4337673,25.5125249
66.435022,25.5235954
66.4366075,25.5293408
66.437428,25.5317151
66.4384123,25.535409
66.4394317,25.5399285
66.4395413,25.5404481
66.4422628,25.5529479
66.4514859,25.5750059
66.4531632,25.5784165
66.4573898,25.5871586
66.4598912,25.592334
66.462164,25.5977456
66.464316,25.6039233
66.4663405,25.6088055
66.4667951,25.6094732
66.4671327,25.6099137
66.4685261,25.6118109
66.4693748,25.6129586
66.4715476,25.6159094
66.4721492,25.6167237
66.4729622,25.6178127
66.4778319,25.6244698
66.4819237,25.6307797
66.4873656,25.6529499
66.4876796,25.6552952
66.4880035,25.6580541
66.488913,25.6749306
66.4893548,25.6841477
66.4902431,25.6930816
66.49087,25.6988489
66.4922485,25.7074541
66.4943797,25.7113147
66.4950084,25.7122385
66.4958679,25.7134377
66.4962103,25.7139798
66.4967141,25.714777
66.4971041,25.7153885
66.4973559,25.7157638
66.4980063,25.7164171
66.4998422,25.7182939
66.501589,25.7215142
66.5018641,25.7220352
66.5019132,25.7221311
66.5033408,25.7248438
66.5034967,25.7251295
66.5081973,25.7329093
66.5083724,25.7332814
66.509985,25.7362473
66.514888,25.7453773
66.5155672,25.7466168
66.5161748,25.7476564
66.5181119,25.7505457
66.5212293,25.7542786
66.5215149,25.7545554
66.526254,25.7587436
66.5297311,25.7637861
66.5340317,25.7726624
66.5343672,25.7734981
66.5362853,25.778987
66.5364442,25.7794806
66.5409213,25.7998886
66.5418178,25.8071829
66.5420353,25.8095556
66.542533,25.8179193
66.5434681,25.8390558
66.5436379,25.8411093
66.5439953,25.8442893
66.5444553,25.847808
66.5446032,25.848872
66.545119,25.8520722
66.546043,25.8573746
66.5463404,25.8591512
66.5484027,25.8740105
66.5503207,25.8871469
66.5511163,25.8909924
66.5525394,25.8960881
66.557206,25.9043266
66.5661603,25.9456681
66.5664691,25.9479681
66.5665063,25.9482931
66.5682186,25.9729627
66.5704888,25.986922
66.5775837,26.0089167
66.5790497,26.0132597
66.5800941,26.0163156
66.5802915,26.0169011
66.5803706,26.0171353
66.5828834,26.0246167
66.5830057,26.0249837
66.5845706,26.03011
66.5846503,26.0303859
66.5853552,26.0330611
66.5853639,26.0330972
66.5874383,26.0412956
66.5874876,26.0414522
66.5881115,26.0432523
66.5897253,26.0466426
66.5898177,26.0468143
66.5912809,26.0495337
66.5921208,26.0513234
66.594398,26.0575505
66.5979371,26.0697811
66.5994673,26.0743675
66.6074934,26.0957971
66.6102323,26.1127832
66.6114755,26.1230548
66.6125949,26.1348059
66.6131974,26.141086
66.6134723,26.1439219
66.6134952,26.1441821
66.6136634,26.1459539
66.613703,26.1464162
66.6175414,26.1680018
66.6196252,26.1808925
66.620063,26.1840554
66.6205763,26.1877778
66.6211238,26.1917662
66.6214027,26.1937617
66.6216442,26.1955064
66.6219949,26.1980393
66.6225701,26.2011882
66.62332,26.2033262
66.6256864,26.2061001
66.6318632,26.205001
66.6335755,26.2046199
66.6355278,26.2041989
66.6367253,26.2037937
66.6385374,26.2023809
66.6392317,26.2018286
66.6409823,26.2003858
66.6414535,26.2000003
66.6430182,26.1987196
66.6445957,26.1974481
66.645336,26.1968514
66.6472205,26.1956754
66.6482142,26.1952458
66.6502898,26.1946671
66.6513855,26.194567
66.6520367,26.1945721
66.6535486,26.1947814
66.6555275,26.1954458
66.6683765,26.1991322
66.6686651,26.1991608
66.6725185,26.2011897
66.6750584,26.2046624
66.6764278,26.2071622
66.6806998,26.215679
66.6848119,26.2234686
66.6853503,26.2243506
66.6904985,26.2314307
66.6969568,26.2466914
66.6992463,26.2522344
66.7048324,26.2570988
66.711274,26.2646526
66.7114163,26.2648594
66.7222817,26.2793692
66.7244209,26.2801731
66.7259065,26.2804641
66.7259448,26.2804645
66.7266655,26.280472
66.7286595,26.2801731
66.729803,26.2796142
66.7340376,26.2754106
66.7379691,26.2686495
66.743088,26.2628419
66.7449535,26.2606558
66.7466645,26.2574552
66.7483675,26.2522797
66.7489013,26.2501965
66.7530692,26.2416744
66.7626294,26.2371262
66.764904,26.2371798
66.7663373,26.2372103
66.7674201,26.2372334
66.7683133,26.2372597
66.7711855,26.2373292
66.7717419,26.2373406
66.7744203,26.2374172
66.7752973,26.2374496
66.7780767,26.2373865
66.7783725,26.2373329
66.7790461,26.2371217
66.7805039,26.2366362
66.781642,26.236226
66.7823546,26.2359692
66.7843465,26.2352043
66.7843976,26.2351705
66.7860487,26.233895
66.7873373,26.2322635
66.7880858,26.2311921
66.7882729,26.2309318
66.7906905,26.2274712
66.7907741,26.2273492
66.7931085,26.2240946
66.7946498,26.2226322
66.7962204,26.2218384
66.7968675,26.2216099
66.798104,26.2211373
66.7984395,26.2210091
66.8026952,26.2194396
66.8076122,26.2176011
66.809005,26.2170875
66.8217829,26.2123775
66.8251274,26.211006
66.8251667,26.2109817
66.8253824,26.2108484
66.8269161,26.2094573
66.8289961,26.2070062
66.8294851,26.20643
66.8304806,26.2052568
66.8329682,26.202325
66.8341459,26.2009369
66.8385058,26.1958121
66.8390759,26.1951256
66.8393794,26.194783
66.8413977,26.1929684
66.8421967,26.1924976
66.8446412,26.1917675
66.8488434,26.191175
66.8513442,26.1908746
66.8584594,26.1898953
66.8602998,26.189632
66.8630314,26.1892372
66.8643522,26.1890596
66.8724531,26.1859583
66.8771431,26.1825034
66.8784021,26.1817782
66.8815826,26.1803536
66.8849455,26.1824038
66.8853541,26.1829922
66.8855238,26.1832597
66.8859275,26.1839763
66.8861749,26.1844673
66.8864224,26.1849981
66.8871316,26.1867035
66.8874589,26.1875044
66.8914966,26.1951556
66.8932989,26.1975155
66.8939859,26.1983755
66.8940186,26.1984164
66.8945731,26.1990692
66.8963588,26.2005532
66.8969091,26.2008564
66.8977918,26.2013429
66.8983985,26.2016586
66.9015529,26.203044
66.9041324,26.2031947
66.9042296,26.2032008
66.906647,26.2032479
66.9067229,26.2032491
66.9104553,26.2030739
66.916535,26.2037556
66.9184332,26.2038522
66.9242294,26.2060076
66.9265013,26.2136059
66.9276838,26.2236499
66.92823,26.2298966
66.9287323,26.2363748
66.9295499,26.2500364
66.9295748,26.2502374
66.9296413,26.250781
66.9300868,26.2534974
66.9311482,26.2579612
66.934114,26.2673389
66.9462812,26.2932593
66.9479186,26.2959757
66.9499712,26.2989821
66.9511944,26.2996614
66.951435,26.2997146
66.9531348,26.2993102
66.9547509,26.2980236
66.9548716,26.2979316
66.9561312,26.2971419
66.9570095,26.2967019
66.9608812,26.2961189
66.9658452,26.2951525
66.9681581,26.2974174
66.9682015,26.2974955
66.9729241,26.3082457
66.9803216,26.3256661
66.9808817,26.3269457
66.9838152,26.3338766
66.9862692,26.3396965
66.9874285,26.342278
66.9878758,26.3432403
66.9894705,26.3466712
66.9957116,26.3609382
66.997877,26.3670802
67.0010998,26.3729157
67.0053703,26.3761623
67.0064954,26.3769303
67.0086668,26.3784667
67.0095215,26.3792023
67.0117094,26.3814736
67.0122874,26.3821835
67.0125256,26.3824694
67.0137596,26.3841252
67.0144388,26.385184
67.0156057,26.3870941
67.0193608,26.3949095
67.0201236,26.3969768
67.020314,26.3976119
67.0205151,26.3982393
67.0226372,26.4069449
67.0233425,26.4115026
67.0255064,26.4257206
67.0256126,26.4261555
67.0262833,26.428436
67.0268821,26.4301041
67.0277026,26.4320368
67.0277555,26.4321464
67.0300753,26.4360026
67.0304298,26.436541
67.0305646,26.4367458
67.0310956,26.4375658
67.03426,26.4437322
67.0365435,26.4497111
67.0380432,26.453394
67.0382307,26.4538137
67.0434551,26.4651552
67.0443638,26.4673134
67.0493818,26.4794976
67.0497016,26.4802789
67.051714,26.4851771
67.0535794,26.4900217
67.0542288,26.4919278
67.0544427,26.4926259
67.055754,26.4977303
67.0559964,26.4988324
67.0562691,26.5002747
67.0600449,26.5134013
67.0616154,26.5179489
67.0622574,26.5197521
67.0655921,26.5293451
67.0766267,26.5611042
67.0772405,26.5628522
67.0782744,26.5655906
67.0802721,26.5704682
67.0808826,26.5719561
67.0831228,26.5786262
67.083201,26.5789602
67.0834605,26.5800682
67.0841712,26.5836915
67.0841993,26.5838596
67.0843134,26.5845677
67.0843631,26.5849784
67.0852515,26.5927999
67.0857392,26.5975549
67.0859504,26.5996036
67.0861081,26.6011561
67.086648,26.6056229
67.0892604,26.6168601
67.0919279,26.6229591
67.0959282,26.6280871
67.100689,26.6327756
67.1051626,26.6366517
67.1059597,26.6375534
67.1061394,26.6377628
67.1174489,26.6455706
67.1324628,26.6477868
67.1392374,26.6477381
67.1396986,26.6477317
67.1504579,26.6472868
67.1525405,26.6472239
67.1560106,26.6460579
67.1582859,26.6454873
67.1584901,26.6454504
67.1594044,26.6453335
67.1603879,26.6452151
67.163631,26.6447753
67.1713812,26.6436976
67.1752805,26.6431664
67.1779931,26.6428011
67.1828787,26.6421104
67.1833038,26.6420484
67.1849134,26.6418136
67.1853453,26.6417506
67.1861582,26.641632
67.1881794,26.6413787
67.193432,26.6410701
67.1941866,26.6408349
67.1948787,26.6405374
67.1953462,26.6403299
67.1962301,26.6398509
67.1968272,26.639468
67.1971396,26.6392238
67.1978234,26.6386743
67.1978542,26.6386483
67.1984912,26.6381118
67.1985277,26.638081
67.1993929,26.6373539
67.1995156,26.6372517
67.2006897,26.6362743
67.201315,26.6357204
67.2023801,26.6348183
67.202669,26.6345736
67.203093,26.6342145
67.2036915,26.6336918
67.2080366,26.630371
67.2082625,26.6303133
67.2086261,26.6302339
67.2092012,26.6302622
67.2095627,26.63034
67.226846,26.6509842
67.2274931,26.6518039
67.2375423,26.6672714
67.2375749,26.6673124
67.2422479,26.6714611
67.2480345,26.6776207
67.2571683,26.6800644
67.2592032,26.679938
67.2609523,26.6798541
67.2654834,26.6805121
67.2660945,26.6807127
67.2769966,26.6864559
67.2781362,26.6871002
67.2821185,26.6902431
67.2822341,26.6903766
67.282626,26.6908293
67.2828156,26.6910589
67.2842212,26.6925013
67.2852249,26.6932249
67.2863691,26.6937408
67.2875462,26.6938655
67.2889678,26.6936961
67.2890033,26.6936888
67.2894614,26.6935787
67.2907472,26.6931036
67.2915601,26.6927168
67.2923532,26.6922259
67.2935003,26.6912561
67.2948817,26.6897747
67.2956519,26.6888744
67.2960359,26.6883701
67.2984722,26.6855369
67.2999163,26.6843164
67.3027204,26.6834663
67.3031853,26.6834394
67.3090857,26.6822738
67.3142415,26.6800947
67.3163441,26.6790327
67.3174559,26.6782802
67.3195839,26.6762382
67.3271351,26.6646223
67.3363938,26.6563684
67.3379391,26.6533546
67.3387685,26.6514496
67.3392394,26.6503044
67.3400487,26.6482649
67.3437058,26.6393695
67.3462212,26.6345641
67.3493691,26.6302618
67.3510137,26.6285047
67.3535343,26.6259169
67.35669,26.6226742
67.3567145,26.6226481
67.3608241,26.6187574
67.3609667,26.6186725
67.363069,26.6169724
67.3650281,26.615263
67.3660381,26.6142596
67.3673851,26.6127058
67.3690016,26.6107005
67.3705742,26.6086792
67.376353,26.6027681
67.3775781,26.6021271
67.3781256,26.6018517
67.3796647,26.6010884
67.38047,26.600713
67.3808442,26.6005385
67.3851007,26.5962997
67.3871769,26.5928348
67.3880988,26.5909927
67.3889695,26.5891279
67.3896018,26.5877029
67.3899335,26.5868777
67.3907102,26.5849319
67.3919072,26.5815021
67.3924191,26.5799097
67.3935348,26.5764387
67.3944749,26.5735138
67.3951336,26.5714876
67.396191,26.5689079
67.3982603,26.5668206
67.4007446,26.5671213
67.4007875,26.5671385
67.4012813,26.5673012
67.401439,26.5673549
67.4016237,26.5674178
67.4024099,26.5677089
67.4034505,26.5680431
67.4042102,26.5683067
67.4047119,26.5684699
67.406005,26.5690359
67.4072155,26.5705406
67.4082873,26.5734079
67.4086204,26.5746741
67.4093788,26.5773363
67.4106266,26.581864
67.4111301,26.583539
67.4127863,26.5883868
67.4132096,26.5891298
67.4133021,26.5894989
67.4134334,26.5895312
67.4134743,26.589483
67.4138694,26.5891935
67.4160288,26.5889031
67.4183678,26.5885777
67.4195766,26.5883814
67.4206805,26.5881507
67.4211871,26.5882229
67.4212312,26.5883553
67.4213517,26.5884205
67.4214149,26.5883394
67.4217005,26.5879195
67.4227797,26.5872802
67.4239865,26.5858648
67.4246029,26.5851291
67.4266461,26.5824695
67.4288596,26.5795121
67.4294387,26.5787739
67.4299466,26.5780926
67.4316207,26.5758515
67.4329009,26.5741318
67.4344066,26.5725753
67.4391308,26.5732298
67.441239,26.5741414
67.4436863,26.5751576
67.4443952,26.575427
67.4444834,26.5754662
67.4474915,26.5769352
67.4492024,26.5782139
67.4511602,26.5802731
67.4516975,26.5809504
67.4534719,26.5831408
67.4548319,26.5846092
67.455045,26.5848254
67.4561873,26.585852
67.4574705,26.5867517
67.4583187,26.5873395
67.4592964,26.5879663
67.4621094,26.5898472
67.4655405,26.5927186
67.4709008,26.5985891
67.471151,26.5988669
67.4748553,26.6020379
67.4755625,26.602435
67.4769866,26.6030697
67.4814476,26.6045869
67.4889034,26.6099475
67.4894089,26.6104496
67.5010196,26.6162327
67.5015634,26.6156565
67.5016444,26.6155659
67.5051024,26.6121008
67.5074245,26.6110148
67.5074702,26.6110059
67.51132,26.61475
67.5120651,26.6171254
67.512092,26.617232
67.5128494,26.6206231
67.5131107,26.621906
67.5139933,26.6261046
67.5152264,26.6320034
67.5163917,26.6354777
67.5173415,26.6369485
67.5182623,26.6384663
67.5196043,26.641205
67.5197373,26.6414831
67.5205026,26.6430136
67.5209075,26.6438285
67.5236125,26.6490951
67.5257337,26.6560017
67.5271133,26.6613415
67.5294997,26.6704859
67.5311234,26.6766533
67.5329283,26.6801612
67.5345047,26.6814629
67.5373008,26.6836005
67.5393096,26.6853546
67.5491241,26.7044955
67.5505361,26.7072921
67.5591857,26.7244974
67.5647798,26.7356485
67.566032,26.7379253
67.5665271,26.7385607
67.5709875,26.7387485
67.5711113,26.7387135
67.5744414,26.7379497
67.5744734,26.7379482
67.5758269,26.7386768
67.5778437,26.7404685
67.5798175,26.7414954
67.5799448,26.7415015
67.5804869,26.7414305
67.5811962,26.7413601
67.5820491,26.7412754
67.5849687,26.7409534
67.5852648,26.7409234
67.586412,26.7408071
67.5885169,26.7405937
67.5897613,26.7404635
67.5929391,26.740131
67.5996063,26.7398935
67.6067625,26.7417949
67.6075226,26.7420006
67.6092274,26.742443
67.6113238,26.742998
67.6165525,26.7443661
67.6195194,26.7451109
67.620797,26.7451856
67.6219921,26.7450067
67.6338695,26.7356284
67.6377193,26.7320607
67.6418228,26.7282395
67.6488176,26.7226824
67.6497425,26.7220307
67.652384,26.7210239
67.6561915,26.7196777
67.6596381,26.7210389
67.6606336,26.7218342
67.6610036,26.7221825
67.6618829,26.7230158
67.6635301,26.7245931
67.6635442,26.7246062
67.6646757,26.725658
67.6646943,26.7256759
67.6667089,26.7276118
67.6843408,26.7445953
67.684828,26.7450612
67.7054189,26.7543888
67.7062349,26.7543819
67.7087908,26.753964
67.7156719,26.7505572
67.725182,26.752858
67.7354664,26.7580666
67.73725,26.7589301
67.737793,26.7592178
67.7386479,26.7596457
67.7399597,26.760234
67.7406754,26.7604825
67.7430538,26.7612202
67.7490205,26.7630256
67.7535875,26.7640085
67.7536362,26.7640061
67.7596652,26.7615208
67.7621078,26.7603558
67.7791122,26.7692212
67.7810615,26.7687515
67.7827626,26.7683251
67.7881992,26.7731211
67.7945287,26.7748281
67.7954179,26.7752695
67.7977355,26.7775869
67.8027065,26.7809538
67.8057568,26.7792433
67.805853,26.7791376
67.8149315,26.7683774
67.8163824,26.7670091
67.8169444,26.7662461
67.8278726,26.7493857
67.8308305,26.7426999
67.8335813,26.7329981
67.8344335,26.7277515
67.8345122,26.72717
67.8355877,26.7217694
67.8356186,26.7216814
67.838493,26.720032
67.8392572,26.7204721
67.8395903,26.7206286
67.8399608,26.7209135
67.8402451,26.7210716
67.8407543,26.7215507
67.8451296,26.7307596
67.8475284,26.7313648
67.8476989,26.7313327
67.8582558,26.7293151
67.8615104,26.7301102
67.8630156,26.7304424
67.8646918,26.7308124
67.8647423,26.7308249
67.8660859,26.7311356
67.8681174,26.7316053
67.8703414,26.7321497
67.8718452,26.7326369
67.8813956,26.741982
67.8820461,26.7426349
67.8844113,26.7449551
67.895442,26.7509576
67.9014195,26.7526105
67.9042817,26.7525979
67.9075528,26.7525603
67.91008,26.7513952
67.9102609,26.7512073
67.9109704,26.7504481
67.912771,26.7489852
67.9141007,26.7484459
67.9301211,26.7625083
67.9323863,26.7667215
67.9336802,26.7680404
67.9372045,26.7689541
67.950366,26.7745362
67.9509445,26.7749476
67.9521116,26.7758385
67.9525888,26.776437
67.9538802,26.7784387
67.9601518,26.7938751
67.961539,26.7973161
67.9622269,26.7990712
67.9630189,26.8010206
67.9665182,26.8097651
67.9743199,26.8431653
67.9808551,26.8615735
67.9826294,26.8666139
67.9836623,26.869072
67.9842845,26.87032
67.9843011,26.8703542
67.9850028,26.8717957
67.9882899,26.8783869
67.9886574,26.8791168
67.9906734,26.8829795
67.9983314,26.8904645
68.0016553,26.8973549
68.0033961,26.9022487
68.0174163,26.9416899
68.0186303,26.9450398
68.0204258,26.9501289
68.0245517,26.9751472
68.0263407,26.9885766
68.0285865,27.0006181
68.0292927,27.0043588
68.0353903,27.0373819
68.0385114,27.0473854
68.0390659,27.0491325
68.0400664,27.0522997
68.0432593,27.0624237
68.0459919,27.0697669
68.0565352,27.0802331
68.0585947,27.0819935
68.0674935,27.0873462
68.0769756,27.0935694
68.0793636,27.0970164
68.0844791,27.1044718
68.085772,27.1063334
68.0858039,27.1063804
68.0882093,27.109886
68.0903863,27.1130925
68.0955618,27.1198118
68.0972183,27.1205556
68.0998343,27.1212273
68.1002336,27.1213329
68.1005865,27.121439
68.1006174,27.1214494
68.1011888,27.1216689
68.101226,27.1216876
68.1015806,27.1219716
68.101747,27.1221585
68.1022295,27.1227796
68.1024133,27.1230229
68.1034024,27.1242958
68.1039429,27.1250257
68.1041447,27.1252633
68.1052178,27.1264539
68.105358,27.1265572
68.1060554,27.1269236
68.1076274,27.1266055
68.1093993,27.1243209
68.1094444,27.1242426
68.1097619,27.1237322
68.1139454,27.1190998
68.1148438,27.1186439
68.1159304,27.1183499
68.1238985,27.1169023
68.1371266,27.1015568
68.1467957,27.0954898
68.147969,27.0955959
68.1536078,27.0980193
68.1604852,27.1010855
68.179021,27.0935736
68.1791425,27.0935478
68.18158,27.0930442
68.182868,27.0927116
68.1834578,27.0924422
68.1835406,27.0924034
68.1837196,27.0923246
68.2016747,27.1013914
68.2076924,27.1091981
68.2091934,27.1140058
68.2099638,27.1176294
68.2126128,27.1338246
68.2137029,27.140516
68.2137678,27.1409062
68.2144596,27.145135
68.2159877,27.1544722
68.216771,27.1593699
68.2171254,27.1618676
68.2184063,27.1704451
68.2187387,27.1719997
68.2190473,27.1732423
68.2354035,27.2106645
68.2358409,27.2117441
68.2422768,27.2315106
68.2423961,27.231693
68.2440425,27.2343537
68.2454581,27.2366282
68.2469339,27.2389812
68.2504813,27.2446946
68.2536671,27.2511323
68.253827,27.2514877
68.2548771,27.2539128
68.2559863,27.2564513
68.2560529,27.2566053
68.2693252,27.2799459
68.2740835,27.281914
68.2789508,27.2837882
68.2824047,27.286977
68.2830844,27.2874783
68.2831302,27.2875053
68.2883683,27.289913
68.2974269,27.2937982
68.3043031,27.2977501
68.3046406,27.2981248
68.3052255,27.2988138
68.3146516,27.3141924
68.3181777,27.3188138
68.3190574,27.3199371
68.3221505,27.3234881
68.330253,27.328969
68.3321714,27.3295576
68.3337497,27.3310617
68.3339291,27.331301
68.3351986,27.3332311
68.335248,27.3333056
68.3385872,27.3358018
68.340295,27.3361317
68.3420079,27.3363977
68.3424132,27.3364309
68.3469433,27.3331231
68.3479164,27.3327681
68.3499934,27.3334697
68.3515089,27.3344328
68.3552387,27.3365716
68.359988,27.3397634
68.3631811,27.3440862
68.3698757,27.3585144
68.3721628,27.3611621
68.3733703,27.362424
68.3746117,27.3639986
68.3832984,27.3782205
68.3833462,27.3783108
68.3872399,27.3887899
68.3874789,27.3897833
68.3888866,27.3946909
68.390646,27.3964477
68.3927691,27.3952805
68.4001619,27.3931232
68.4029885,27.3985123
68.4042436,27.3999691
68.4132444,27.4062351
68.4148874,27.4070873
68.4151862,27.4071351
68.419357,27.4058933
68.4233067,27.4078777
68.4233934,27.4079332
68.4287359,27.4082273
68.4296591,27.4077164
68.4477341,27.425689
68.4544648,27.4224883
68.462573,27.4313356
68.4633261,27.4306859
68.4771414,27.4367298
68.482211,27.4485704
68.483307,27.4500882
68.4886832,27.4529888
68.492059,27.4573122
68.4954748,27.4669167
68.5053189,27.4934976
68.5100039,27.5144939
68.5105473,27.5157695
68.5105689,27.5158205
68.5167037,27.525299
68.5197088,27.5254034
68.5203765,27.5251057
68.522328,27.5252568
68.5234889,27.5256689
68.5292372,27.5275756
68.5307518,27.5276754
68.5329327,27.5264827
68.5424926,27.5258191
68.5459653,27.5252854
68.5483467,27.5242064
68.5498305,27.523
68.5586797,27.5050184
68.5634105,27.4972239
68.5650303,27.4955195
68.5650634,27.4954861
68.5673585,27.4931354
68.572465,27.4870245
68.5726792,27.4866942
68.5727898,27.4865237
68.5734539,27.4854263
68.574989,27.482718
68.5759057,27.4809096
68.5762296,27.4802432
68.5779757,27.4769103
68.5781229,27.4766456
68.5812075,27.4721117
68.583971,27.4694984
68.5871708,27.4676318
68.5889927,27.4675922
68.5897281,27.4678327
68.5898129,27.4678682
68.5924135,27.4705295
68.594248,27.4746754
68.5958297,27.477164
68.5967583,27.4780048
68.6014527,27.4786642
68.6046389,27.4826231
68.6052733,27.484235
68.6056554,27.4852072
68.6065131,27.4873611
68.6071437,27.48903
68.6076038,27.4903343
68.607625,27.4903899
68.6080555,27.4919799
68.608514,27.4943193
68.6086447,27.4952822
68.6089497,27.4989599
68.6091334,27.5016709
68.6093746,27.5051542
68.6100206,27.5105322
68.6100363,27.5106244
68.6107021,27.5139913
68.6127912,27.5222145
68.614627,27.5288984
68.6152462,27.5305521
68.6160562,27.5325639
68.6171107,27.5346415
68.6211692,27.5395708
68.623468,27.5410549
68.6236617,27.541173
68.6241115,27.5414532
68.625104,27.5420645
68.6290734,27.5444154
68.6297782,27.5446587
68.6299896,27.5446994
68.6310506,27.5444743
68.6329643,27.5432458
68.6347674,27.5424988
68.6356636,27.5423495
68.637106,27.5423762
68.637467,27.5424109
68.6382712,27.5424882
68.6398424,27.542708
68.641219,27.5429058
68.6425902,27.5430915
68.6434842,27.5432207
68.6442553,27.5433307
68.6448181,27.5434043
68.6465061,27.543631
68.6489029,27.5438324
68.6490769,27.5438172
68.6493942,27.5437896
68.6503094,27.5436455
68.6513865,27.54335
68.6521051,27.5430498
68.6524292,27.5429812
68.6528529,27.5427634
68.6535924,27.5423231
68.6540979,27.542029
68.6541647,27.541989
68.6543029,27.5419012
68.6546585,27.5416752
68.654993,27.541472
68.6551199,27.5416218
68.6552127,27.5413687
68.6559202,27.540881
68.6564442,27.5405562
68.6571877,27.5401135
68.657506,27.5400277
68.6575472,27.5401215
68.65767,27.5401108
68.6577191,27.5399616
68.6584045,27.5395649
68.6597388,27.5392104
68.6599097,27.5392398
68.6599389,27.5391531
68.6605358,27.5386806
68.6608628,27.5385513
68.6620497,27.5381343
68.663224,27.5376786
68.6636687,27.537238
68.664252,27.5364345
68.6664025,27.5310322
68.6667457,27.5300241
68.6673754,27.5281609
68.6703918,27.5210181
68.6712284,27.5193221
68.675964,27.5033006
68.6798604,27.4955407
68.6799151,27.4954528
68.6842528,27.4855571
68.6869234,27.4782274
68.68873,27.4747888
68.6891033,27.4742431
68.6934234,27.4670649
68.6952068,27.4626929
68.6957058,27.4615985
68.6986988,27.4571376
68.6997204,27.4562931
68.7038645,27.4553843
68.7095813,27.4550244
68.7158758,27.4499244
68.7173785,27.4462712
68.7274462,27.4398673
68.7312644,27.4439281
68.7334371,27.4452707
68.7386868,27.4441212
68.7398523,27.4444681
68.7427205,27.447062
68.7434466,27.4488417
68.7577918,27.4588063
68.7673789,27.4505443
68.7737002,27.4289528
68.7751605,27.4247396
68.7823816,27.4094642
68.7828791,27.4057763
68.7828242,27.4015454
68.7828158,27.4011496
68.7828118,27.4008691
68.7828,27.4001426
68.7828935,27.3961215
68.7831151,27.3949039
68.7832162,27.394519
68.7840136,27.3929381
68.7900195,27.3894119
68.7906242,27.3877684
68.8016174,27.3716462
68.8075392,27.3610511
68.8112547,27.3475049
68.8150567,27.3412961
68.8171174,27.330314
68.8162843,27.3250204
68.8154921,27.3187408
68.8164843,27.3127432
68.8170417,27.3112723
68.823251,27.293499
68.8238426,27.292576
68.8266897,27.2878257
68.8376113,27.2660644
68.8410133,27.2502165
68.8419294,27.2467504
68.8432425,27.2399344
68.8439691,27.2380788
68.844722,27.2360686
68.8553815,27.2106247
68.8628518,27.1852571
68.8670691,27.1686441
68.870637,27.1614085
68.8706855,27.161309
68.874392,27.1493464
68.8764542,27.142507
68.8776801,27.1343349
68.8820455,27.1168924
68.8901083,27.1005881
68.8928132,27.0997948
68.894803,27.0977565
68.8970507,27.0899692
68.8971583,27.0892673
68.8972167,27.0888862
68.8978581,27.0848047
68.8986779,27.0813424
68.8987046,27.0812491
68.9004206,27.0764368
68.9008047,27.0739353
68.9010604,27.0709375
68.9011523,27.0696457
68.9011841,27.0666465
68.9011619,27.0651177
68.9011555,27.0646786
68.9010629,27.0583129
68.9009345,27.0560866
68.9005157,27.0501295
68.9005274,27.0495152
68.9005712,27.04705
68.9007023,27.0450331
68.9010625,27.043235
68.9012463,27.0425027
68.901436,27.0416185
68.9015073,27.041198
68.902094,27.0364122
68.9021192,27.0362665
68.9033124,27.0334103
68.9035516,27.0330431
68.90377,27.0327113
68.9042703,27.0319174
68.9056035,27.029669
68.9056631,27.0294988
68.9062349,27.027261
68.9062607,27.0271243
68.9064057,27.0259732
68.9064425,27.0251582
68.9063876,27.0235883
68.9062934,27.0221344
68.9062474,27.0210411
68.9062538,27.0204391
68.9066527,27.0169007
68.9069589,27.0158331
68.9077687,27.0146504
68.9077953,27.0146276
68.9083287,27.0141804
68.9086798,27.0138661
68.9095012,27.0131564
68.9097351,27.0129771
68.9098349,27.0128896
68.9108732,27.0108406
68.911304,27.0093244
68.9119506,27.0069587
68.9140906,26.9974294
68.9142319,26.9965517
68.9145414,26.9945432
68.9161359,26.9840344
68.9187799,26.9727542
68.9206585,26.9678397
68.9270741,26.956411
68.9282015,26.9544822
68.9328946,26.9475203
68.939476,26.9502511
68.9401371,26.9510342
68.9429732,26.954326
68.9499152,26.9510554
68.9515578,26.9489876
68.9525972,26.9485781
68.9582645,26.9546836
68.9590493,26.9557607
68.9604085,26.9581148
68.96049,26.958268
68.96501,26.9704905
68.9658951,26.9721383
68.9677593,26.9747636
68.9705693,26.9811975
68.9729228,26.9887698
68.9736774,26.9901104
68.9785754,26.9923222
68.9846815,26.993339
68.985556,26.9941074
68.9940401,26.9912939
68.997036,26.9864671
68.9971206,26.9863365
69.0141632,27.0120345
69.0201387,27.0218205
69.0221914,27.0220101
69.0235118,27.0224535
69.0243843,27.0230119
69.0254393,27.0239044
69.0397833,27.0594352
69.0405018,27.0630468
69.045,27.0772635
69.0461768,27.0886523
69.0478023,27.1168073
69.0480867,27.1175997
69.0613443,27.140837
69.0658396,27.1532212
69.0710891,27.1687244
69.072073,27.1713305
69.0726131,27.1724533
69.0736088,27.1741125
69.0742962,27.1750247
69.0759077,27.1764046
69.0819836,27.182203
69.0825566,27.1828634
69.0851129,27.184309
69.0887429,27.1845179
69.0895052,27.1848061
69.091413,27.1857063
69.0918618,27.1859229
69.0944184,27.1872381
69.0954157,27.1883397
69.0959162,27.189186
69.0961321,27.1895555
69.0975904,27.1912054
69.0992087,27.1912119
69.0994223,27.1911644
69.1010662,27.1917936
69.1020216,27.1939417
69.1023144,27.1949396
69.1030035,27.1969396
69.1040596,27.1989776
69.1049259,27.2000521
69.1055728,27.2006196
69.1065657,27.2015141
69.1070076,27.2019133
69.1074165,27.2023769
69.1082598,27.2036694
69.1096304,27.2070234
69.1104155,27.209136
69.1144586,27.212433
69.1162411,27.2127253
69.1162584,27.2127371
69.1183061,27.2150506
69.1194781,27.2176597
69.120395,27.2207195
69.1204217,27.2208096
69.1217031,27.2249534
69.123579,27.2287721
69.1238217,27.2290553
69.1280154,27.2331322
69.1301805,27.2329298
69.1302204,27.2329009
69.1319281,27.2312098
69.1332512,27.2295032
69.1346038,27.2277433
69.1346739,27.2276502
69.1347071,27.2276062
69.1364446,27.2253052
69.1366476,27.2250372
69.1364875,27.2243005
69.1366129,27.2221141
69.1368109,27.2130075
69.1367404,27.2116033
69.1366506,27.2098147
69.1365863,27.2086741
69.1365202,27.2075026
69.1364164,27.2056438
69.136407,27.2054518
69.136357,27.1965751
69.1369455,27.190094
69.1400779,27.1570788
69.144047,27.117693
69.1764459,27.0111094
69.1812931,26.9894499
69.1816996,26.987651
69.2098955,26.8723265
69.2110952,26.8659012
69.2111496,26.8656274
69.2201699,26.8536687
69.2512786,26.8192713
69.2520457,26.8189916
69.2543953,26.8181375
69.2546592,26.8180333
69.2610625,26.8156564
69.2756659,26.7864657
69.2855575,26.760585
69.2899109,26.7397767
69.2915598,26.7271536
69.2919484,26.7240692
69.2921756,26.7229691
69.2923049,26.7224662
69.2925352,26.7217247
69.2927332,26.7210586
69.2966419,26.7099859
69.3256721,26.6062868
69.3480584,26.5309836
69.3487242,26.5247924
69.349117,26.52119
69.3493691,26.5186861
69.3495382,26.5170063
69.3496343,26.5161085
69.350238,26.5103297
69.3514742,26.4987349
69.3517797,26.4958918
69.352047,26.4931865
69.3555518,26.4641237
69.3605439,26.4338557
69.3912351,26.1427337
69.3915301,26.1376778
69.3917272,26.1344292
69.3919496,26.1308684
69.3929958,26.1137
69.3931711,26.1109156
69.3933063,26.1087004
69.3945855,26.0878541
69.3954137,26.0713937
69.3954893,26.0693269
69.3954976,26.0688526
69.4022684,25.973733
69.4013425,25.9260502
69.4000303,25.9012094
69.3991079,25.8843921
69.3987482,25.877927
69.3983683,25.8711773
69.3982524,25.8690529
69.3980734,25.8658911
69.3979215,25.8632307
69.3977992,25.8610886
69.3976935,25.8592379
69.3976606,25.8586915
69.3976525,25.8585566
69.3975631,25.8566084
69.3975606,25.8563813
69.3975823,25.8559257
69.3976755,25.8534931
69.3976865,25.8531399
69.3977327,25.8527195
69.3981503,25.8489552
69.3982609,25.8480555
69.3983547,25.8471435
69.3984065,25.8465612
69.3984237,25.8460676
69.3984255,25.8456928
69.398423,25.8454613
69.3984099,25.8451103
69.3983944,25.8447963
69.3983288,25.8435791
69.3982646,25.842337
69.3982552,25.8421352
69.3982456,25.84185
69.3982397,25.8414926
69.3982421,25.8412222
69.3982512,25.840955
69.3982645,25.8406944
69.3982965,25.8402881
69.3983249,25.8400333
69.3983658,25.8397227
69.3984278,25.8393327
69.3984961,25.8389371
69.3986117,25.8383222
69.3987064,25.8378376
69.3991999,25.8354006
69.3993231,25.8347516
69.3993878,25.8343795
69.3994944,25.8337256
69.3995756,25.8331912
69.3997573,25.8319214
69.3998143,25.8315195
69.399972,25.8303461
69.4003296,25.8275906
69.4004421,25.8267161
69.4005005,25.8262135
69.4005572,25.825647
69.4006204,25.8248458
69.4006478,25.8244379
69.4008431,25.8209691
69.4010778,25.816685
69.4011295,25.8157116
69.4011639,25.8151725
69.4011833,25.8149284
69.4012088,25.8146638
69.401258,25.8142473
69.401322,25.8138004
69.4013638,25.8135418
69.4014229,25.8132062
69.4015126,25.8127546
69.4015773,25.8124611
69.4016334,25.8122252
69.4016858,25.81202
69.4017562,25.8117694
69.401861,25.8114318
69.4019377,25.8112103
69.4020013,25.8110438
69.4021249,25.8107611
69.4022543,25.8105164
69.4023575,25.8103504
69.4024528,25.8102163
69.4025439,25.8101004
69.4026376,25.8099918
69.40277,25.8098529
69.4028906,25.8097433
69.4031038,25.8095969
69.4032765,25.8095158
69.4033728,25.8094849
69.4035179,25.8094555
69.4036978,25.8094456
69.4038273,25.8094494
69.4040624,25.809474
69.4049252,25.8096104
69.4050371,25.8096164
69.4051502,25.8096082
69.4052964,25.8095698
69.4054364,25.8095056
69.4055211,25.8094533
69.4057051,25.8093108
69.405795,25.8092299
69.4058959,25.8091251
69.4061798,25.8088104
69.4068341,25.808071
69.4073196,25.8075213
69.4075842,25.8072296
69.4078449,25.8069594
69.408028,25.8067892
69.4082084,25.8066457
69.4084386,25.8064899
69.4086353,25.8063795
69.4089282,25.8062393
69.4093842,25.8060402
69.4095608,25.8059545
69.4096917,25.8058771
69.409815,25.8057915
69.4099673,25.8056707
69.4106684,25.8050521
69.4109671,25.8047807
69.4112956,25.8044656
69.4116009,25.8041391
69.4117705,25.803931
69.4118943,25.8037606
69.412156,25.8033583
69.4124204,25.8029163
69.4126418,25.8025271
69.4127215,25.8023813
69.4128218,25.8021821
69.4131052,25.8015849
69.4132696,25.8012078
69.4135841,25.8004665
69.4143871,25.7985578
69.414486,25.7983359
69.4145783,25.7981425
69.4147477,25.7978074
69.4149223,25.7974977
69.4152288,25.7969938
69.415528,25.7964876
69.4157151,25.7961602
69.4158336,25.7959418
69.4160079,25.795589
69.4161117,25.795358
69.4163831,25.7946887
69.416481,25.7944238
69.41663,25.7940237
69.4167606,25.7937087
69.4168511,25.7935068
69.4169321,25.7933433
69.4170304,25.7931695
69.417127,25.7930082
69.4172298,25.792856
69.4174012,25.792636
69.4175132,25.7925132
69.4177127,25.792323
69.4180701,25.792048
69.4182086,25.7919414
69.4185262,25.7917046
69.4188181,25.7915093
69.4190641,25.79137
69.419292,25.7912649
69.4194305,25.7912132
69.4196637,25.7911509
69.4199772,25.7911141
69.4201893,25.7911188
69.4203953,25.7911507
69.4205461,25.7912001
69.4207588,25.7913009
69.4209032,25.7913943
69.4211135,25.7915586
69.4213121,25.7917442
69.4216037,25.7920381
69.4219402,25.7923907
69.422659,25.7931779
69.4228659,25.7933898
69.4229947,25.793513
69.4231201,25.793618
69.4232856,25.7937288
69.4233997,25.7937921
69.4235054,25.7938306
69.4236453,25.7938574
69.4237155,25.7938612
69.4237758,25.7938595
69.4238954,25.7938476
69.4240211,25.7938225
69.4244666,25.7936606
69.4246388,25.7936071
69.4248165,25.7935738
69.4249951,25.7935631
69.4251293,25.7935715
69.4253311,25.7936042
69.4256028,25.7936562
69.4278252,25.7941628
69.4280447,25.7941926
69.4281502,25.7941897
69.4282886,25.7941651
69.4283415,25.7941485
69.4284646,25.794095
69.4286609,25.7939734
69.4288332,25.7938256
69.4289672,25.7936835
69.4290951,25.7935227
69.4292439,25.7933013
69.4293583,25.7931024
69.4294682,25.7928837
69.4295394,25.7927241
69.4296169,25.7925313
69.4296914,25.7923272
69.4297677,25.7920935
69.4298787,25.7917091
69.4299434,25.7914441
69.4300095,25.7911259
69.4300873,25.7906885
69.4301206,25.790475
69.4301543,25.7902287
69.430183,25.7899843
69.4302037,25.7897761
69.4302316,25.7894216
69.4302576,25.7890052
69.4302702,25.7886621
69.4302726,25.7884915
69.4302718,25.7881783
69.4302646,25.7878026
69.4302486,25.7874349
69.4302377,25.7872655
69.4301939,25.7867304
69.4301359,25.7861892
69.4300708,25.7857065
69.4299641,25.7850069
69.4297413,25.783602
69.429564,25.7824869
69.4292939,25.7807541
69.4291964,25.7801244
69.4290701,25.7792765
69.428895,25.7780163
69.4288452,25.7776269
69.4287991,25.7772417
69.4287522,25.776756
69.4287167,25.7763359
69.4286772,25.7757666
69.4286561,25.7754158
69.4286342,25.7749345
69.4286134,25.7743937
69.4285792,25.7733554
69.4284735,25.7700222
69.4283362,25.7657081
69.4281465,25.7595863
69.4281305,25.7588204
69.4281278,25.7582804
69.4281331,25.7577779
69.4281498,25.7571986
69.4281624,25.7569029
69.4281915,25.7563924
69.4282258,25.7559497
69.4282583,25.7556041
69.4283205,25.7550512
69.4283966,25.7544678
69.4284863,25.7538513
69.4285733,25.7533055
69.4290365,25.7505941
69.4293543,25.7487693
69.4294384,25.7483161
69.4296078,25.7474867
69.4297274,25.746984
69.4299162,25.7462738
69.4301552,25.7454488
69.4309688,25.7426869
69.4311264,25.7421366
69.4312566,25.7416617
69.4314328,25.7409587
69.4314881,25.7407222
69.4315848,25.7402789
69.4317087,25.7396661
69.4318095,25.7391002
69.4318629,25.7387684
69.4319271,25.7383271
69.4320074,25.7376922
69.4320592,25.737181
69.4321035,25.7366326
69.4321343,25.7361658
69.4321434,25.7360273
69.4321771,25.7354283
69.4322863,25.7329738
69.4323345,25.73189
69.4323606,25.7313852
69.432399,25.7307581
69.432448,25.7301227
69.4325045,25.7294897
69.4327139,25.7274831
69.432775,25.7268315
69.4328149,25.7263119
69.4328523,25.7256913
69.4328783,25.7251055
69.432893,25.724499
69.4328987,25.7240467
69.4329078,25.7221683
69.4329131,25.7215979
69.4329245,25.721005
69.4329367,25.720618
69.4329667,25.7198488
69.4330054,25.7191891
69.4330392,25.7187749
69.4330868,25.7182807
69.433184,25.7174168
69.4332512,25.7168974
69.4333116,25.7164833
69.4333751,25.716094
69.433407,25.7159195
69.4334968,25.7154665
69.4335668,25.715144
69.4338192,25.7141201
69.4340429,25.7132482
69.4344021,25.7118077
69.4346094,25.7109446
69.4347316,25.710387
69.4348451,25.7098011
69.4349375,25.7092181
69.4349758,25.7089445
69.4350114,25.7086551
69.4350509,25.7082679
69.435077,25.7079682
69.4351175,25.7073641
69.4351452,25.7068463
69.4351664,25.7062968
69.4351897,25.7054811
69.4352213,25.7039675
69.4352658,25.7015259
69.4353372,25.6969846
69.4353573,25.6957051
69.4353779,25.6948986
69.4354162,25.6939899
69.4354571,25.693197
69.4355081,25.6923218
69.435586,25.6911005
69.4357933,25.6879598
69.4358396,25.6871637
69.4358567,25.686789
69.4358763,25.6862379
69.4358852,25.6858727
69.4358935,25.6852888
69.4359179,25.6808904
69.4359219,25.6784308
69.4359302,25.6772123
69.4359401,25.676555
69.4359609,25.6757776
69.4359821,25.6752573
69.4360178,25.6745354
69.436087,25.6733865
69.436128,25.6728245
69.4361686,25.6723331
69.4362301,25.6716572
69.436299,25.6709688
69.4363769,25.6702869
69.4364369,25.6697941
69.4364897,25.6693931
69.4366151,25.6684916
69.4368354,25.6669948
69.4373675,25.6635396
69.4374829,25.6627362
69.4375535,25.6621801
69.4375944,25.6618155
69.4376395,25.6613622
69.4376994,25.660671
69.4377393,25.6601102
69.437917,25.657272
69.4379669,25.6565228
69.4380107,25.655928
69.4380688,25.6552637
69.4381068,25.6548769
69.4381603,25.6543772
69.4382422,25.6536844
69.4382906,25.6533002
69.4384811,25.6518735
69.4386663,25.6505146
69.4390873,25.6473149
69.4391371,25.6469544
69.4391928,25.646585
69.4392559,25.6461975
69.4393145,25.6458652
69.4393883,25.645487
69.4394863,25.6450429
69.4395276,25.6448746
69.4396658,25.6443621
69.439732,25.6441329
69.4398463,25.6437594
69.4399532,25.6434389
69.4401594,25.6428529
69.4411813,25.6400077
69.4415978,25.6388066
69.4419994,25.6376213
69.4421951,25.63703
69.4425966,25.6357926
69.4439233,25.6316509
69.4444349,25.6300653
69.4445086,25.6298397
69.4455784,25.6263893
69.4474499,25.616302
69.4484304,25.6036325
69.4485258,25.6009867
69.4485863,25.5989941
69.4485998,25.5985315
69.4486034,25.5984169
69.4486972,25.5954045
69.4566532,25.5612037
69.4572461,25.556115
69.4580681,25.549429
69.4601622,25.529079
69.460243,25.5273649
69.4608262,25.5210024
69.4629191,25.5127205
69.4632685,25.5119956
69.4640315,25.5094404
69.4642139,25.5087159
69.4657342,25.5050212
69.4659126,25.5051912
69.4662379,25.5055627
69.4664201,25.5057755
69.4665923,25.5059756
69.4672969,25.5067943
69.4674251,25.5069447
69.4678096,25.5073911
69.4689119,25.5086778
69.4691736,25.5089729
69.4699584,25.50983
69.4702882,25.510103
69.4708039,25.5104465
69.4714628,25.5108522
69.4717684,25.5112519
69.4717883,25.5113431
69.4719026,25.5114342
69.471946,25.5113623
69.4719781,25.5110679
