69.4719781,25.5110679
69.4719488,25.5109134
69.4718404,25.510832
69.4718015,25.5108892
69.4714628,25.5108522
69.4708039,25.5104465
69.4702882,25.510103
69.4699584,25.50983
69.4691736,25.5089729
69.4689119,25.5086778
69.4678096,25.5073911
69.4674251,25.5069447
69.4672969,25.5067943
69.4665923,25.5059756
69.4664201,25.5057755
69.4662379,25.5055627
69.4659126,25.5051912
69.4657342,25.5050212
69.4642139,25.5087159
69.4640315,25.5094404
69.4632685,25.5119956
69.4629191,25.5127205
69.4608262,25.5210024
69.460243,25.5273649
69.4601622,25.529079
69.4580681,25.549429
69.4572461,25.556115
69.4566532,25.5612037
69.4486972,25.5954045
69.4486034,25.5984169
69.4485998,25.5985315
69.4485863,25.5989941
69.4485258,25.6009867
69.4484304,25.6036325
69.4474499,25.616302
69.4455784,25.6263893
69.4445086,25.6298397
69.4444349,25.6300653
69.4439233,25.6316509
69.4425966,25.6357926
69.4421951,25.63703
69.4419994,25.6376213
69.4415978,25.6388066
69.4411813,25.6400077
69.4401594,25.6428529
69.4399532,25.6434389
69.4398463,25.6437594
69.439732,25.6441329
69.4396658,25.6443621
69.4395276,25.6448746
69.4394863,25.6450429
69.4393883,25.645487
69.4393145,25.6458652
69.4392559,25.6461975
69.4391928,25.646585
69.4391371,25.6469544
69.4390873,25.6473149
69.4386663,25.6505146
69.4384811,25.6518735
69.4382906,25.6533002
69.4382422,25.6536844
69.4381603,25.6543772
69.4381068,25.6548769
69.4380688,25.6552637
69.4380107,25.655928
69.4379669,25.6565228
69.437917,25.657272
69.4377393,25.6601102
69.4376994,25.660671
69.4376395,25.6613622
69.4375944,25.6618155
69.4375535,25.6621801
69.4374829,25.6627362
69.4373675,25.6635396
69.4368354,25.6669948
69.4366151,25.6684916
69.4364897,25.6693931
69.4364369,25.6697941
69.4363769,25.6702869
69.436299,25.6709688
69.4362301,25.6716572
69.4361686,25.6723331
69.436128,25.6728245
69.436087,25.6733865
69.4360178,25.6745354
69.4359821,25.6752573
69.4359609,25.6757776
69.4359401,25.676555
69.4359302,25.6772123
69.4359219,25.6784308
69.4359179,25.6808904
69.4358935,25.6852888
69.4358852,25.6858727
69.4358763,25.6862379
69.4358567,25.686789
69.4358396,25.6871637
69.4357933,25.6879598
69.435586,25.6911005
69.4355081,25.6923218
69.4354571,25.693197
69.4354162,25.6939899
69.4353779,25.6948986
69.4353573,25.6957051
69.4353372,25.6969846
69.4352658,25.7015259
69.4352213,25.7039675
69.4351897,25.7054811
69.4351664,25.7062968
69.4351452,25.7068463
69.4351175,25.7073641
69.435077,25.7079682
69.4350509,25.7082679
69.4350114,25.7086551
69.4349758,25.7089445
69.4349375,25.7092181
69.4348451,25.7098011
69.4347316,25.710387
69.4346094,25.7109446
69.4344021,25.7118077
69.4340429,25.7132482
69.4338192,25.7141201
69.4335668,25.715144
69.4334968,25.7154665
69.433407,25.7159195
69.4333751,25.716094
69.4333116,25.7164833
69.4332512,25.7168974
69.433184,25.7174168
69.4330868,25.7182807
69.4330392,25.7187749
69.4330054,25.7191891
69.4329667,25.7198488
69.4329367,25.720618
69.4329245,25.721005
69.4329131,25.7215979
69.4329078,25.7221683
69.4328987,25.7240467
69.432893,25.724499
69.4328783,25.7251055
69.4328523,25.7256913
69.4328149,25.7263119
69.432775,25.7268315
69.4327139,25.7274831
69.4325045,25.7294897
69.432448,25.7301227
69.432399,25.7307581
69.4323606,25.7313852
69.4323345,25.73189
69.4322863,25.7329738
69.4321771,25.7354283
69.4321434,25.7360273
69.4321343,25.7361658
69.4321035,25.7366326
69.4320592,25.737181
69.4320074,25.7376922
69.4319271,25.7383271
69.4318629,25.7387684
69.4318095,25.7391002
69.4317087,25.7396661
69.4315848,25.7402789
69.4314881,25.7407222
69.4314328,25.7409587
69.4312566,25.7416617
69.4311264,25.7421366
69.4309688,25.7426869
69.4301552,25.7454488
69.4299162,25.7462738
69.4297274,25.746984
69.4296078,25.7474867
69.4294384,25.7483161
69.4293543,25.7487693
69.4290365,25.7505941
69.4285733,25.7533055
69.4284863,25.7538513
69.4283966,25.7544678
69.4283205,25.7550512
69.4282583,25.7556041
69.4282258,25.7559497
69.4281915,25.7563924
69.4281624,25.7569029
69.4281498,25.7571986
69.4281331,25.7577779
69.4281278,25.7582804
69.4281305,25.7588204
69.4281465,25.7595863
69.4283362,25.7657081
69.4284735,25.7700222
69.4285792,25.7733554
69.4286134,25.7743937
69.4286342,25.7749345
69.4286561,25.7754158
69.4286772,25.7757666
69.4287167,25.7763359
69.4287522,25.776756
69.4287991,25.7772417
69.4288452,25.7776269
69.428895,25.7780163
69.4290701,25.7792765
69.4291964,25.7801244
69.4292939,25.7807541
69.429564,25.7824869
69.4297413,25.783602
69.4299641,25.7850069
69.4300708,25.7857065
69.4301359,25.7861892
69.4301939,25.7867304
69.4302377,25.7872655
69.4302486,25.7874349
69.4302646,25.7878026
69.4302718,25.7881783
69.4302726,25.7884915
69.4302702,25.7886621
69.4302576,25.7890052
69.4302316,25.7894216
69.4302037,25.7897761
69.430183,25.7899843
69.4301543,25.7902287
69.4301206,25.790475
69.4300873,25.7906885
69.4300095,25.7911259
69.4299434,25.7914441
69.4298787,25.7917091
69.4297677,25.7920935
69.4296914,25.7923272
69.4296169,25.7925313
69.4295394,25.7927241
69.4294682,25.7928837
69.4293583,25.7931024
69.4292439,25.7933013
69.4290951,25.7935227
69.4289672,25.7936835
69.4288332,25.7938256
69.4286609,25.7939734
69.4284646,25.794095
69.4283415,25.7941485
69.4282886,25.7941651
69.4281502,25.7941897
69.4280447,25.7941926
69.4278252,25.7941628
69.4256028,25.7936562
69.4253311,25.7936042
69.4251293,25.7935715
69.4249951,25.7935631
69.4248165,25.7935738
69.4246388,25.7936071
69.4244666,25.7936606
69.4240211,25.7938225
69.4238954,25.7938476
69.4237758,25.7938595
69.4237155,25.7938612
69.4236453,25.7938574
69.4235054,25.7938306
69.4233997,25.7937921
69.4232856,25.7937288
69.4231201,25.793618
69.4229947,25.793513
69.4228659,25.7933898
69.422659,25.7931779
69.4219402,25.7923907
69.4216037,25.7920381
69.4213121,25.7917442
69.4211135,25.7915586
69.4209032,25.7913943
69.4207588,25.7913009
69.4205461,25.7912001
69.4203953,25.7911507
69.4201893,25.7911188
69.4199772,25.7911141
69.4196637,25.7911509
69.4194305,25.7912132
69.419292,25.7912649
69.4190641,25.79137
69.4188181,25.7915093
69.4185262,25.7917046
69.4182086,25.7919414
69.4180701,25.792048
69.4177127,25.792323
69.4175132,25.7925132
69.4174012,25.792636
69.4172298,25.792856
69.417127,25.7930082
69.4170304,25.7931695
69.4169321,25.7933433
69.4168511,25.7935068
69.4167606,25.7937087
69.41663,25.7940237
69.416481,25.7944238
69.4163831,25.7946887
69.4161117,25.795358
69.4160079,25.795589
69.4158336,25.7959418
69.4157151,25.7961602
69.415528,25.7964876
69.4152288,25.7969938
69.4149223,25.7974977
69.4147477,25.7978074
69.4145783,25.7981425
69.414486,25.7983359
69.4143871,25.7985578
69.4135841,25.8004665
69.4132696,25.8012078
69.4131052,25.8015849
69.4128218,25.8021821
69.4127215,25.8023813
69.4126418,25.8025271
69.4124204,25.8029163
69.412156,25.8033583
69.4118943,25.8037606
69.4117705,25.803931
69.4116009,25.8041391
69.4112956,25.8044656
69.4109671,25.8047807
69.4106684,25.8050521
69.4099673,25.8056707
69.409815,25.8057915
69.4096917,25.8058771
69.4095608,25.8059545
69.4093842,25.8060402
69.4089282,25.8062393
69.4086353,25.8063795
69.4084386,25.8064899
69.4082084,25.8066457
69.408028,25.8067892
69.4078449,25.8069594
69.4075842,25.8072296
69.4073196,25.8075213
69.4068341,25.808071
69.4061798,25.8088104
69.4058959,25.8091251
69.405795,25.8092299
69.4057051,25.8093108
69.4055211,25.8094533
69.4054364,25.8095056
69.4052964,25.8095698
69.4051502,25.8096082
69.4050371,25.8096164
69.4049252,25.8096104
69.4040624,25.809474
69.4038273,25.8094494
69.4036978,25.8094456
69.4035179,25.8094555
69.4033728,25.8094849
69.4032765,25.8095158
69.4031038,25.8095969
69.4028906,25.8097433
69.40277,25.8098529
69.4026376,25.8099918
69.4025439,25.8101004
69.4024528,25.8102163
69.4023575,25.8103504
69.4022543,25.8105164
69.4021249,25.8107611
69.4020013,25.8110438
69.4019377,25.8112103
69.401861,25.8114318
69.4017562,25.8117694
69.4016858,25.81202
69.4016334,25.8122252
69.4015773,25.8124611
69.4015126,25.8127546
69.4014229,25.8132062
69.4013638,25.8135418
69.401322,25.8138004
69.401258,25.8142473
69.4012088,25.8146638
69.4011833,25.8149284
69.4011639,25.8151725
69.4011295,25.8157116
69.4010778,25.816685
69.4008431,25.8209691
69.4006478,25.8244379
69.4006204,25.8248458
69.4005572,25.825647
69.4005005,25.8262135
69.4004421,25.8267161
69.4003296,25.8275906
69.399972,25.8303461
69.3998143,25.8315195
69.3997573,25.8319214
69.3995756,25.8331912
69.3994944,25.8337256
69.3993878,25.8343795
69.3993231,25.8347516
69.3991999,25.8354006
69.3987064,25.8378376
69.3986117,25.8383222
69.3984961,25.8389371
69.3984278,25.8393327
69.3983658,25.8397227
69.3983249,25.8400333
69.3982965,25.8402881
69.3982645,25.8406944
69.3982512,25.840955
69.3982421,25.8412222
69.3982397,25.8414926
69.3982456,25.84185
69.3982552,25.8421352
69.3982646,25.842337
69.3983288,25.8435791
69.3983944,25.8447963
69.3984099,25.8451103
69.398423,25.8454613
69.3984255,25.8456928
69.3984237,25.8460676
69.3984065,25.8465612
69.3983547,25.8471435
69.3982609,25.8480555
69.3981503,25.8489552
69.3977327,25.8527195
69.3976865,25.8531399
69.3976377,25.8534757
69.3975331,25.8559201
69.3975606,25.8563813
69.3975631,25.8566084
69.3976525,25.8585566
69.3976606,25.8586915
69.3976935,25.8592379
69.3977992,25.8610886
69.3979215,25.8632307
69.3980734,25.8658911
69.3982524,25.8690529
69.3983683,25.8711773
69.3987482,25.877927
69.3991079,25.8843921
69.4000303,25.9012094
69.4013425,25.9260502
69.4022684,25.973733
69.3954976,26.0688526
69.3954893,26.0693269
69.3954137,26.0713937
69.3945855,26.0878541
69.3933063,26.1087004
69.3931711,26.1109156
69.3929958,26.1137
69.3919496,26.1308684
69.3917272,26.1344292
69.3915301,26.1376778
69.3912351,26.1427337
69.3605439,26.4338557
69.3555518,26.4641237
69.352047,26.4931865
69.3517797,26.4958918
69.3514742,26.4987349
69.350238,26.5103297
69.3496343,26.5161085
69.3495382,26.5170063
69.3493691,26.5186861
69.349117,26.52119
69.3487242,26.5247924
69.3480584,26.5309836
69.3256721,26.6062868
69.2966419,26.7099859
69.2927332,26.7210586
69.2925352,26.7217247
69.2923049,26.7224662
69.2921756,26.7229691
69.2919484,26.7240692
69.2915598,26.7271536
69.2899109,26.7397767
69.2855575,26.760585
69.2756659,26.7864657
69.2610625,26.8156564
69.2546592,26.8180333
69.2543953,26.8181375
69.2520457,26.8189916
69.2512786,26.8192713
69.2201699,26.8536687
69.2111496,26.8656274
69.2110952,26.8659012
69.2098955,26.8723265
69.1816996,26.987651
69.1812931,26.9894499
69.1764459,27.0111094
69.144047,27.117693
69.1400779,27.1570788
69.1369455,27.190094
69.136357,27.1965751
69.136407,27.2054518
69.1364164,27.2056438
69.1365202,27.2075026
69.1365863,27.2086741
69.1366506,27.2098147
69.1367404,27.2116033
69.1368109,27.2130075
69.1366129,27.2221141
69.1364875,27.2243005
69.1364446,27.2253052
69.1347071,27.2276062
69.1346739,27.2276502
69.1346038,27.2277433
69.1332512,27.2295032
69.1319281,27.2312098
69.1302204,27.2329009
69.1301805,27.2329298
69.1280154,27.2331322
69.1238217,27.2290553
69.123579,27.2287721
69.1217031,27.2249534
69.1204217,27.2208096
69.120395,27.2207195
69.1194781,27.2176597
69.1183061,27.2150506
69.1162584,27.2127371
69.1162411,27.2127253
69.1144586,27.212433
69.1104155,27.209136
69.1096304,27.2070234
69.1082598,27.2036694
69.1074165,27.2023769
69.1070076,27.2019133
69.1065657,27.2015141
69.1055728,27.2006196
69.1049259,27.2000521
69.1040596,27.1989776
69.1030035,27.1969396
69.1023144,27.1949396
69.1020216,27.1939417
69.1010662,27.1917936
69.0994223,27.1911644
69.0992087,27.1912119
69.0975904,27.1912054
69.0961321,27.1895555
69.0959162,27.189186
69.0954157,27.1883397
69.0944184,27.1872381
69.0918618,27.1859229
69.091413,27.1857063
69.0895052,27.1848061
69.0887429,27.1845179
69.0851129,27.184309
69.0825566,27.1828634
69.0819836,27.182203
69.0759077,27.1764046
69.0742962,27.1750247
69.0736088,27.1741125
69.0726131,27.1724533
69.072073,27.1713305
69.0710891,27.1687244
69.0658396,27.1532212
69.0613443,27.140837
69.0480867,27.1175997
69.0478023,27.1168073
69.0461768,27.0886523
69.045,27.0772635
69.0405018,27.0630468
69.0397833,27.0594352
69.0254393,27.0239044
69.0243843,27.0230119
69.0235118,27.0224535
69.0221914,27.0220101
69.0201387,27.0218205
69.0141632,27.0120345
68.9971206,26.9863365
68.997036,26.9864671
68.9940401,26.9912939
68.985556,26.9941074
68.9846815,26.993339
68.9785754,26.9923222
68.9736774,26.9901104
68.9729228,26.9887698
68.9705693,26.9811975
68.9677593,26.9747636
68.9658951,26.9721383
68.96501,26.9704905
68.96049,26.958268
68.9604085,26.9581148
68.9590493,26.9557607
68.9582645,26.9546836
68.9525972,26.9485781
68.9515578,26.9489876
68.9499152,26.9510554
68.9429732,26.954326
68.9401371,26.9510342
68.939476,26.9502511
68.9328946,26.9475203
68.9282015,26.9544822
68.9270741,26.956411
68.9206585,26.9678397
68.9187799,26.9727542
68.9161359,26.9840344
68.9145414,26.9945432
68.9142319,26.9965517
68.9140906,26.9974294
68.9119506,27.0069587
68.911304,27.0093244
68.9108732,27.0108406
68.9098349,27.0128896
68.9097351,27.0129771
68.9095012,27.0131564
68.9086798,27.0138661
68.9083287,27.0141804
68.9077953,27.0146276
68.9077687,27.0146504
68.9069589,27.0158331
68.9066527,27.0169007
68.9062538,27.0204391
68.9062474,27.0210411
68.9062934,27.0221344
68.9063876,27.0235883
68.9064425,27.0251582
68.9064057,27.0259732
68.9062607,27.0271243
68.9062349,27.027261
68.9056631,27.0294988
68.9056035,27.029669
68.9042703,27.0319174
68.90377,27.0327113
68.9035516,27.0330431
68.9033124,27.0334103
68.9021192,27.0362665
68.902094,27.0364122
68.9015073,27.041198
68.901436,27.0416185
68.9012463,27.0425027
68.9010625,27.043235
68.9007023,27.0450331
68.9005712,27.04705
68.9005274,27.0495152
68.9005157,27.0501295
68.9009345,27.0560866
68.9010629,27.0583129
68.9011555,27.0646786
68.9011619,27.0651177
68.9011841,27.0666465
68.9011523,27.0696457
68.9010604,27.0709375
68.9008047,27.0739353
68.9004206,27.0764368
68.8987046,27.0812491
68.8986779,27.0813424
68.8978581,27.0848047
68.8972167,27.0888862
68.8971583,27.0892673
68.8970507,27.0899692
68.894803,27.0977565
68.8928132,27.0997948
68.8901083,27.1005881
68.8820455,27.1168924
68.8776801,27.1343349
68.8764542,27.142507
68.874392,27.1493464
68.8706855,27.161309
68.870637,27.1614085
68.8670691,27.1686441
68.8628518,27.1852571
68.8553815,27.2106247
68.844722,27.2360686
68.8439691,27.2380788
68.8432425,27.2399344
68.8419294,27.2467504
68.8410133,27.2502165
68.8376113,27.2660644
68.8266897,27.2878257
68.8238426,27.292576
68.823251,27.293499
68.8170417,27.3112723
68.8164843,27.3127432
68.8154921,27.3187408
68.8162843,27.3250204
68.8171174,27.330314
68.8150567,27.3412961
68.8112547,27.3475049
68.8075392,27.3610511
68.8016174,27.3716462
68.7906242,27.3877684
68.7900195,27.3894119
68.7840136,27.3929381
68.7832162,27.394519
68.7831151,27.3949039
68.7828935,27.3961215
68.7828,27.4001426
68.7828118,27.4008691
68.7828158,27.4011496
68.7828242,27.4015454
68.7828791,27.4057763
68.7823816,27.4094642
68.7751605,27.4247396
68.7737002,27.4289528
68.7673789,27.4505443
68.7577918,27.4588063
68.7434466,27.4488417
68.7427205,27.447062
68.7398523,27.4444681
68.7386868,27.4441212
68.7334371,27.4452707
68.7312644,27.4439281
68.7274462,27.4398673
68.7173785,27.4462712
68.7158758,27.4499244
68.7095813,27.4550244
68.7038645,27.4553843
68.6997204,27.4562931
68.6986988,27.4571376
68.6957058,27.4615985
68.6952068,27.4626929
68.6934234,27.4670649
68.6891033,27.4742431
68.68873,27.4747888
68.6869234,27.4782274
68.6842528,27.4855571
68.6799151,27.4954528
68.6798604,27.4955407
68.675964,27.5033006
68.6712284,27.5193221
68.6703918,27.5210181
68.6673754,27.5281609
68.6667457,27.5300241
68.6664025,27.5310322
68.664252,27.5364345
68.6636687,27.537238
68.663224,27.5376786
68.6620497,27.5381343
68.6608628,27.5385513
68.6605358,27.5386806
68.6599183,27.5386938
68.6599011,27.538657
68.6597804,27.5386261
68.6597373,27.5387072
68.658392,27.5393998
68.6577162,27.539651
68.6576012,27.5394682
68.6574936,27.5396534
68.6568871,27.5400996
68.6564306,27.5403722
68.6560781,27.5405896
68.6559053,27.5406961
68.6556001,27.5408841
68.6551964,27.5411203
68.6550788,27.5409716
68.6549808,27.5411987
68.6546434,27.5414988
68.6541488,27.5418151
68.654079,27.5418599
68.6535731,27.5421852
68.6528464,27.5426182
68.6524174,27.5428302
68.6521051,27.5430498
68.6513865,27.54335
68.6503094,27.5436455
68.6493942,27.5437896
68.6490769,27.5438172
68.6489029,27.5438324
68.6465061,27.543631
68.6448181,27.5434043
68.6442553,27.5433307
68.6434842,27.5432207
68.6425902,27.5430915
68.641219,27.5429058
68.6398424,27.542708
68.6382712,27.5424882
68.637467,27.5424109
68.637106,27.5423762
68.6356636,27.5423495
68.6347674,27.5424988
68.6329643,27.5432458
68.6310506,27.5444743
68.6299896,27.5446994
68.6297782,27.5446587
68.6290734,27.5444154
68.625104,27.5420645
68.6241115,27.5414532
68.6236617,27.541173
68.623468,27.5410549
68.6211692,27.5395708
68.6171107,27.5346415
68.6160562,27.5325639
68.6152462,27.5305521
68.614627,27.5288984
68.6127912,27.5222145
68.6107021,27.5139913
68.6100363,27.5106244
68.6100206,27.5105322
68.6093746,27.5051542
68.6091334,27.5016709
68.6089497,27.4989599
68.6086447,27.4952822
68.608514,27.4943193
68.6080555,27.4919799
68.607625,27.4903899
68.6076038,27.4903343
68.6071437,27.48903
68.6065131,27.4873611
68.6056554,27.4852072
68.6052733,27.484235
68.6046389,27.4826231
68.6014527,27.4786642
68.5967583,27.4780048
68.5958297,27.477164
68.594248,27.4746754
68.5924135,27.4705295
68.5898129,27.4678682
68.5897281,27.4678327
68.5889927,27.4675922
68.5871708,27.4676318
68.583971,27.4694984
68.5812075,27.4721117
68.5781229,27.4766456
68.5779757,27.4769103
68.5762296,27.4802432
68.5759057,27.4809096
68.574989,27.482718
68.5734539,27.4854263
68.5727898,27.4865237
68.5726792,27.4866942
68.572465,27.4870245
68.5673585,27.4931354
68.5650634,27.4954861
68.5650303,27.4955195
68.5634105,27.4972239
68.5586797,27.5050184
68.5498305,27.523
68.5483467,27.5242064
68.5459653,27.5252854
68.5424926,27.5258191
68.5329327,27.5264827
68.5307518,27.5276754
68.5292372,27.5275756
68.5234889,27.5256689
68.522328,27.5252568
68.5203765,27.5251057
68.5197088,27.5254034
68.5167037,27.525299
68.5105689,27.5158205
68.5105473,27.5157695
68.5100039,27.5144939
68.5053189,27.4934976
68.4954748,27.4669167
68.492059,27.4573122
68.4886832,27.4529888
68.483307,27.4500882
68.482211,27.4485704
68.4771414,27.4367298
68.4633261,27.4306859
68.462573,27.4313356
68.4544648,27.4224883
68.4477341,27.425689
68.4296591,27.4077164
68.4287359,27.4082273
68.4233934,27.4079332
68.4233067,27.4078777
68.419357,27.4058933
68.4151862,27.4071351
68.4148874,27.4070873
68.4132444,27.4062351
68.4042436,27.3999691
68.4029885,27.3985123
68.4001619,27.3931232
68.3927691,27.3952805
68.390646,27.3964477
68.3888866,27.3946909
68.3874789,27.3897833
68.3872399,27.3887899
68.3833462,27.3783108
68.3832984,27.3782205
68.3746117,27.3639986
68.3733703,27.362424
68.3721628,27.3611621
68.3698757,27.3585144
68.3631811,27.3440862
68.359988,27.3397634
68.3552387,27.3365716
68.3515089,27.3344328
68.3499934,27.3334697
68.3479164,27.3327681
68.3469433,27.3331231
68.3424132,27.3364309
68.3420079,27.3363977
68.340295,27.3361317
68.3385872,27.3358018
68.335248,27.3333056
68.3351986,27.3332311
68.3339291,27.331301
68.3337497,27.3310617
68.3321714,27.3295576
68.330253,27.328969
68.3221505,27.3234881
68.3190574,27.3199371
68.3181777,27.3188138
68.3146516,27.3141924
68.3052255,27.2988138
68.3046406,27.2981248
68.3043031,27.2977501
68.2974269,27.2937982
68.2883683,27.289913
68.2831302,27.2875053
68.2830844,27.2874783
68.2824047,27.286977
68.2789508,27.2837882
68.2740835,27.281914
68.2693252,27.2799459
68.2560529,27.2566053
68.2559863,27.2564513
68.2548771,27.2539128
68.253827,27.2514877
68.2536671,27.2511323
68.2504813,27.2446946
68.2469339,27.2389812
68.2454581,27.2366282
68.2440425,27.2343537
68.2423961,27.231693
68.2422768,27.2315106
68.2358409,27.2117441
68.2354035,27.2106645
68.2190473,27.1732423
68.2187387,27.1719997
68.2184063,27.1704451
68.2171254,27.1618676
68.216771,27.1593699
68.2159877,27.1544722
68.2144596,27.145135
68.2137678,27.1409062
68.2137029,27.140516
68.2126128,27.1338246
68.2099638,27.1176294
68.2091934,27.1140058
68.2076924,27.1091981
68.2016747,27.1013914
68.1837196,27.0923246
68.1835406,27.0924034
68.1834578,27.0924422
68.182868,27.0927116
68.18158,27.0930442
68.1791425,27.0935478
68.179021,27.0935736
68.1604852,27.1010855
68.1536078,27.0980193
68.147969,27.0955959
68.1467957,27.0954898
68.1371266,27.1015568
68.1238985,27.1169023
68.1159304,27.1183499
68.1148438,27.1186439
68.1139454,27.1190998
68.1097619,27.1237322
68.1094444,27.1242426
68.1093993,27.1243209
68.1076274,27.1266055
68.1060554,27.1269236
68.105358,27.1265572
68.1052178,27.1264539
68.1041447,27.1252633
68.1039429,27.1250257
68.1034024,27.1242958
68.1024133,27.1230229
68.1022295,27.1227796
68.101747,27.1221585
68.1015806,27.1219716
68.101226,27.1216876
68.1011888,27.1216689
68.1006174,27.1214494
68.1005865,27.121439
68.1002336,27.1213329
68.0998343,27.1212273
68.0972183,27.1205556
68.0955618,27.1198118
68.0903863,27.1130925
68.0882093,27.109886
68.0858039,27.1063804
68.085772,27.1063334
68.0844791,27.1044718
68.0793636,27.0970164
68.0769756,27.0935694
68.0674935,27.0873462
68.0585947,27.0819935
68.0565352,27.0802331
68.0459919,27.0697669
68.0432593,27.0624237
68.0400664,27.0522997
68.0390659,27.0491325
68.0385114,27.0473854
68.0353903,27.0373819
68.0292927,27.0043588
68.0285865,27.0006181
68.0263407,26.9885766
68.0245517,26.9751472
68.0204258,26.9501289
68.0186303,26.9450398
68.0174163,26.9416899
68.0033961,26.9022487
68.0016553,26.8973549
67.9983314,26.8904645
67.9906734,26.8829795
67.9886574,26.8791168
67.9882899,26.8783869
67.9850028,26.8717957
67.9843011,26.8703542
67.9842845,26.87032
67.9836623,26.869072
67.9826294,26.8666139
67.9808551,26.8615735
67.9743199,26.8431653
67.9665182,26.8097651
67.9630189,26.8010206
67.9622269,26.7990712
67.961539,26.7973161
67.9601518,26.7938751
67.9538802,26.7784387
67.9525888,26.776437
67.9521116,26.7758385
67.9509445,26.7749476
67.950366,26.7745362
67.9372045,26.7689541
67.9336802,26.7680404
67.9323863,26.7667215
67.9301211,26.7625083
67.9141007,26.7484459
67.912771,26.7489852
67.9109704,26.7504481
67.9102609,26.7512073
67.91008,26.7513952
67.9075528,26.7525603
67.9042817,26.7525979
67.9014195,26.7526105
67.895442,26.7509576
67.8844113,26.7449551
67.8820461,26.7426349
67.8813956,26.741982
67.8718452,26.7326369
67.8703414,26.7321497
67.8681174,26.7316053
67.8660859,26.7311356
67.8647423,26.7308249
67.8646918,26.7308124
67.8630156,26.7304424
67.8615104,26.7301102
67.8582558,26.7293151
67.8476989,26.7313327
67.8475284,26.7313648
67.8451296,26.7307596
67.8407543,26.7215507
67.8402451,26.7210716
67.8399608,26.7209135
67.8395903,26.7206286
67.8392572,26.7204721
67.838493,26.720032
67.8356186,26.7216814
67.8355877,26.7217694
67.8345122,26.72717
67.8344335,26.7277515
67.8335813,26.7329981
67.8308305,26.7426999
67.8278726,26.7493857
67.8169444,26.7662461
67.8163824,26.7670091
67.8149315,26.7683774
67.805853,26.7791376
67.8057568,26.7792433
67.8027065,26.7809538
67.7977355,26.7775869
67.7954179,26.7752695
67.7945287,26.7748281
67.7881992,26.7731211
67.7827626,26.7683251
67.7810615,26.7687515
67.7791122,26.7692212
67.7621078,26.7603558
67.7596652,26.7615208
67.7536362,26.7640061
67.7535875,26.7640085
67.7490205,26.7630256
67.7430538,26.7612202
67.7406754,26.7604825
67.7399597,26.760234
67.7386479,26.7596457
67.737793,26.7592178
67.73725,26.7589301
67.7354664,26.7580666
67.725182,26.752858
67.7156719,26.7505572
67.7087908,26.753964
67.7062349,26.7543819
67.7054189,26.7543888
67.684828,26.7450612
67.6843408,26.7445953
67.6667089,26.7276118
67.6646943,26.7256759
67.6646757,26.725658
67.6635442,26.7246062
67.6635301,26.7245931
67.6618829,26.7230158
67.6610036,26.7221825
67.6606336,26.7218342
67.6596381,26.7210389
67.6561915,26.7196777
67.652384,26.7210239
67.6497425,26.7220307
67.6488176,26.7226824
67.6418228,26.7282395
67.6377193,26.7320607
67.6338695,26.7356284
67.6219921,26.7450067
67.620797,26.7451856
67.6195194,26.7451109
67.6165525,26.7443661
67.6113238,26.742998
67.6092274,26.742443
67.6075226,26.7420006
67.6067625,26.7417949
67.5996063,26.7398935
67.5929391,26.740131
67.5897613,26.7404635
67.5885169,26.7405937
67.586412,26.7408071
67.5852648,26.7409234
67.5849687,26.7409534
67.5820491,26.7412754
67.5811962,26.7413601
67.5804869,26.7414305
67.5799448,26.7415015
67.5798175,26.7414954
67.5778437,26.7404685
67.5758269,26.7386768
67.5744734,26.7379482
67.5744414,26.7379497
67.5711113,26.7387135
67.5709875,26.7387485
67.5665271,26.7385607
67.566032,26.7379253
67.5647798,26.7356485
67.5591857,26.7244974
67.5505361,26.7072921
67.5491241,26.7044955
67.5393096,26.6853546
67.5373008,26.6836005
67.5345047,26.6814629
67.5329283,26.6801612
67.5311234,26.6766533
67.5294997,26.6704859
67.5271133,26.6613415
67.5257337,26.6560017
67.5236125,26.6490951
67.5209075,26.6438285
67.5205026,26.6430136
67.5197373,26.6414831
67.5196043,26.641205
67.5182623,26.6384663
67.5173415,26.6369485
67.5163917,26.6354777
67.5152264,26.6320034
67.5139933,26.6261046
67.5131107,26.621906
67.5128494,26.6206231
67.512092,26.617232
67.5120651,26.6171254
67.51132,26.61475
67.5074702,26.6110059
67.5074245,26.6110148
67.5051024,26.6121008
67.5016444,26.6155659
67.5015634,26.6156565
67.5010196,26.6162327
67.4894089,26.6104496
67.4889034,26.6099475
67.4814476,26.6045869
67.4769866,26.6030697
67.4755625,26.602435
67.4748553,26.6020379
67.471151,26.5988669
67.4709008,26.5985891
67.4655405,26.5927186
67.4621094,26.5898472
67.4592964,26.5879663
67.4583187,26.5873395
67.4574705,26.5867517
67.4561873,26.585852
67.455045,26.5848254
67.4548319,26.5846092
67.4534719,26.5831408
67.4516975,26.5809504
67.4511602,26.5802731
67.4492024,26.5782139
67.4474915,26.5769352
67.4444834,26.5754662
67.4443952,26.575427
67.4436863,26.5751576
67.441239,26.5741414
67.4391308,26.5732298
67.4344066,26.5725753
67.4329009,26.5741318
67.4316207,26.5758515
67.4299466,26.5780926
67.4294387,26.5787739
67.4288596,26.5795121
67.4266461,26.5824695
67.4246029,26.5851291
67.4239865,26.5858648
67.4227797,26.5872802
67.4217005,26.5879195
67.4214292,26.5877771
67.4212264,26.5877353
67.4206692,26.5880434
67.4183653,26.5883971
67.4160236,26.5887384
67.4138708,26.5891124
67.413543,26.5889233
67.413488,26.5887385
67.4133181,26.5886789
67.4127863,26.5883868
67.4111301,26.583539
67.4106266,26.581864
67.4093788,26.5773363
67.4086204,26.5746741
67.4082873,26.5734079
67.4072155,26.5705406
67.406005,26.5690359
67.4047119,26.5684699
67.4042102,26.5683067
67.4034505,26.5680431
67.4024099,26.5677089
67.4016237,26.5674178
67.401439,26.5673549
67.4012813,26.5673012
67.4007875,26.5671385
67.4007446,26.5671213
67.3982603,26.5668206
67.396191,26.5689079
67.3951336,26.5714876
67.3944749,26.5735138
67.3935348,26.5764387
67.3924191,26.5799097
67.3919072,26.5815021
67.3907102,26.5849319
67.3899335,26.5868777
67.3896018,26.5877029
67.3889695,26.5891279
67.3880988,26.5909927
67.3871769,26.5928348
67.3851007,26.5962997
67.3808442,26.6005385
67.38047,26.600713
67.3796647,26.6010884
67.3781256,26.6018517
67.3775781,26.6021271
67.376353,26.6027681
67.3705742,26.6086792
67.3690016,26.6107005
67.3673851,26.6127058
67.3660381,26.6142596
67.3650281,26.615263
67.363069,26.6169724
67.3609667,26.6186725
67.3608241,26.6187574
67.3567145,26.6226481
67.35669,26.6226742
67.3535343,26.6259169
67.3510137,26.6285047
67.3493691,26.6302618
67.3462212,26.6345641
67.3437058,26.6393695
67.3400487,26.6482649
67.3392394,26.6503044
67.3387685,26.6514496
67.3379391,26.6533546
67.3363938,26.6563684
67.3271351,26.6646223
67.3195839,26.6762382
67.3174559,26.6782802
67.3163441,26.6790327
67.3142415,26.6800947
67.3090857,26.6822738
67.3031853,26.6834394
67.3027204,26.6834663
67.2999163,26.6843164
67.2984722,26.6855369
67.2960359,26.6883701
67.2956519,26.6888744
67.2948817,26.6897747
67.2935003,26.6912561
67.2923532,26.6922259
67.2915601,26.6927168
67.2907472,26.6931036
67.2894614,26.6935787
67.2890033,26.6936888
67.2889678,26.6936961
67.2875462,26.6938655
67.2863691,26.6937408
67.2852249,26.6932249
67.2842212,26.6925013
67.2828156,26.6910589
67.282626,26.6908293
67.2822341,26.6903766
67.2821185,26.6902431
67.2781362,26.6871002
67.2769966,26.6864559
67.2660945,26.6807127
67.2654834,26.6805121
67.2609523,26.6798541
67.2592032,26.679938
67.2571683,26.6800644
67.2480345,26.6776207
67.2422479,26.6714611
67.2375749,26.6673124
67.2375423,26.6672714
67.2274931,26.6518039
67.226846,26.6509842
67.2095627,26.63034
67.2092012,26.6302622
67.2086261,26.6302339
67.2082625,26.6303133
67.2080366,26.630371
67.2036915,26.6336918
67.203093,26.6342145
67.202669,26.6345736
67.2023801,26.6348183
67.201315,26.6357204
67.2006897,26.6362743
67.1995156,26.6372517
67.1993929,26.6373539
67.1985277,26.638081
67.1984912,26.6381118
67.1978542,26.6386483
67.1978234,26.6386743
67.1971396,26.6392238
67.1968272,26.639468
67.1962301,26.6398509
67.1953462,26.6403299
67.1948787,26.6405374
67.1941866,26.6408349
67.193432,26.6410701
67.1881794,26.6413787
67.1861582,26.641632
67.1853453,26.6417506
67.1849134,26.6418136
67.1833038,26.6420484
67.1828787,26.6421104
67.1779931,26.6428011
67.1752805,26.6431664
67.1713812,26.6436976
67.163631,26.6447753
67.1603879,26.6452151
67.1594044,26.6453335
67.1584901,26.6454504
67.1582859,26.6454873
67.1560106,26.6460579
67.1525405,26.6472239
67.1504579,26.6472868
67.1396986,26.6477317
67.1392374,26.6477381
67.1324628,26.6477868
67.1174489,26.6455706
67.1061394,26.6377628
67.1059597,26.6375534
67.1051626,26.6366517
67.100689,26.6327756
67.0959282,26.6280871
67.0919279,26.6229591
67.0892604,26.6168601
67.086648,26.6056229
67.0861081,26.6011561
67.0859504,26.5996036
67.0857392,26.5975549
67.0852515,26.5927999
67.0843631,26.5849784
67.0843134,26.5845677
67.0841993,26.5838596
67.0841712,26.5836915
67.0834605,26.5800682
67.083201,26.5789602
67.0831228,26.5786262
67.0808826,26.5719561
67.0802721,26.5704682
67.0782744,26.5655906
67.0772405,26.5628522
67.0766267,26.5611042
67.0655921,26.5293451
67.0622574,26.5197521
67.0616154,26.5179489
67.0600449,26.5134013
67.0562691,26.5002747
67.0559964,26.4988324
67.055754,26.4977303
67.0544427,26.4926259
67.0542288,26.4919278
67.0535794,26.4900217
67.051714,26.4851771
67.0497016,26.4802789
67.0493818,26.4794976
67.0443638,26.4673134
67.0434551,26.4651552
67.0382307,26.4538137
67.0380432,26.453394
67.0365435,26.4497111
67.03426,26.4437322
67.0310956,26.4375658
67.0305646,26.4367458
67.0304298,26.436541
67.0300753,26.4360026
67.0277555,26.4321464
67.0277026,26.4320368
67.0268821,26.4301041
67.0262833,26.428436
67.0256126,26.4261555
67.0255064,26.4257206
67.0233425,26.4115026
67.0226372,26.4069449
67.0205151,26.3982393
67.020314,26.3976119
67.0201236,26.3969768
67.0193608,26.3949095
67.0156057,26.3870941
67.0144388,26.385184
67.0137596,26.3841252
67.0125256,26.3824694
67.0122874,26.3821835
67.0117094,26.3814736
67.0095215,26.3792023
67.0086668,26.3784667
67.0064954,26.3769303
67.0053703,26.3761623
67.0010998,26.3729157
66.997877,26.3670802
66.9957116,26.3609382
66.9894705,26.3466712
66.9878758,26.3432403
66.9874285,26.342278
66.9862692,26.3396965
66.9838152,26.3338766
66.9808817,26.3269457
66.9803216,26.3256661
66.9729241,26.3082457
66.9682015,26.2974955
66.9681581,26.2974174
66.9658452,26.2951525
66.9608812,26.2961189
66.9570095,26.2967019
66.9561312,26.2971419
66.9548716,26.2979316
66.9547509,26.2980236
66.9531348,26.2993102
66.951435,26.2997146
66.9511944,26.2996614
66.9499712,26.2989821
66.9479186,26.2959757
66.9462812,26.2932593
66.934114,26.2673389
66.9311482,26.2579612
66.9300868,26.2534974
66.9296413,26.250781
66.9295748,26.2502374
66.9295499,26.2500364
66.9287323,26.2363748
66.92823,26.2298966
66.9276838,26.2236499
66.9265013,26.2136059
66.9242294,26.2060076
66.9184332,26.2038522
66.916535,26.2037556
66.9104553,26.2030739
66.9067229,26.2032491
66.906647,26.2032479
66.9042296,26.2032008
66.9041324,26.2031947
66.9015529,26.203044
66.8983985,26.2016586
66.8977918,26.2013429
66.8969091,26.2008564
66.8963588,26.2005532
66.8945731,26.1990692
66.8940186,26.1984164
66.8939859,26.1983755
66.8932989,26.1975155
66.8914966,26.1951556
66.8874589,26.1875044
66.8871316,26.1867035
66.8864224,26.1849981
66.8861749,26.1844673
66.8859275,26.1839763
66.8855238,26.1832597
66.8853541,26.1829922
66.8849455,26.1824038
66.8815826,26.1803536
66.8784021,26.1817782
66.8771431,26.1825034
66.8724531,26.1859583
66.8643522,26.1890596
66.8630314,26.1892372
66.8602998,26.189632
66.8584594,26.1898953
66.8513442,26.1908746
66.8488434,26.191175
66.8446412,26.1917675
66.8421967,26.1924976
66.8413977,26.1929684
66.8393794,26.194783
66.8390759,26.1951256
66.8385058,26.1958121
66.8341459,26.2009369
66.8329682,26.202325
66.8304806,26.2052568
66.8294851,26.20643
66.8289961,26.2070062
66.8269161,26.2094573
66.8253824,26.2108484
66.8251667,26.2109817
66.8251274,26.211006
66.8217829,26.2123775
66.809005,26.2170875
66.8076122,26.2176011
66.8026952,26.2194396
66.7984395,26.2210091
66.798104,26.2211373
66.7968675,26.2216099
66.7962204,26.2218384
66.7946498,26.2226322
66.7931085,26.2240946
66.7907741,26.2273492
66.7906905,26.2274712
66.7882729,26.2309318
66.7880858,26.2311921
66.7873373,26.2322635
66.7860487,26.233895
66.7843976,26.2351705
66.7843465,26.2352043
66.7823546,26.2359692
66.781642,26.236226
66.7805039,26.2366362
66.7790461,26.2371217
66.7783725,26.2373329
66.7780767,26.2373865
66.7752973,26.2374496
66.7744203,26.2374172
66.7717419,26.2373406
66.7711855,26.2373292
66.7683133,26.2372597
66.7674201,26.2372334
66.7663373,26.2372103
66.764904,26.2371798
66.7626294,26.2371262
66.7530692,26.2416744
66.7489013,26.2501965
66.7483675,26.2522797
66.7466645,26.2574552
66.7449535,26.2606558
66.743088,26.2628419
66.7379691,26.2686495
66.7340376,26.2754106
66.729803,26.2796142
66.7286595,26.2801731
66.7266655,26.280472
66.7259448,26.2804645
66.7259065,26.2804641
66.7244209,26.2801731
66.7222817,26.2793692
66.7114163,26.2648594
66.711274,26.2646526
66.7048324,26.2570988
66.6992463,26.2522344
66.6969568,26.2466914
66.6904985,26.2314307
66.6853503,26.2243506
66.6848119,26.2234686
66.6806998,26.215679
66.6764278,26.2071622
66.6750584,26.2046624
66.6725185,26.2011897
66.6686651,26.1991608
66.6683765,26.1991322
66.6555275,26.1954458
66.6535486,26.1947814
66.6520367,26.1945721
66.6513855,26.194567
66.6502898,26.1946671
66.6482142,26.1952458
66.6472205,26.1956754
66.645336,26.1968514
66.6445957,26.1974481
66.6430182,26.1987196
66.6414535,26.2000003
66.6409823,26.2003858
66.6392317,26.2018286
66.6385374,26.2023809
66.6367253,26.2037937
66.6355278,26.2041989
66.6335755,26.2046199
66.6318632,26.205001
66.6256864,26.2061001
66.62332,26.2033262
66.6225701,26.2011882
66.6219949,26.1980393
66.6216442,26.1955064
66.6214027,26.1937617
66.6211238,26.1917662
66.6205763,26.1877778
66.620063,26.1840554
66.6196252,26.1808925
66.6175414,26.1680018
66.613703,26.1464162
66.6136634,26.1459539
66.6134952,26.1441821
66.6134723,26.1439219
66.6131974,26.141086
66.6125949,26.1348059
66.6114755,26.1230548
66.6102323,26.1127832
66.6074934,26.0957971
66.5994673,26.0743675
66.5979371,26.0697811
66.594398,26.0575505
66.5921208,26.0513234
66.5912809,26.0495337
66.5898177,26.0468143
66.5897253,26.0466426
66.5881115,26.0432523
66.5874876,26.0414522
66.5874383,26.0412956
66.5853639,26.0330972
66.5853552,26.0330611
66.5846503,26.0303859
66.5845706,26.03011
66.5830057,26.0249837
66.5828834,26.0246167
66.5803706,26.0171353
66.5802915,26.0169011
66.5800941,26.0163156
66.5790497,26.0132597
66.5775837,26.0089167
66.5704888,25.986922
66.5682186,25.9729627
66.5665063,25.9482931
66.5664691,25.9479681
66.5661603,25.9456681
66.557206,25.9043266
66.5525394,25.8960881
66.5511163,25.8909924
66.5503207,25.8871469
66.5484027,25.8740105
66.5463404,25.8591512
66.546043,25.8573746
66.5456751,25.8548722
66.5451935,25.8519965
66.5444911,25.8474127
66.5440856,25.844266
66.5434681,25.8390558
66.542533,25.8179193
66.5420353,25.8095556
66.5418178,25.8071829
66.5409213,25.7998886
66.5364442,25.7794806
66.5362853,25.778987
66.5343672,25.7734981
66.5340317,25.7726624
66.5297311,25.7637861
66.526254,25.7587436
66.5215879,25.7540796
66.5212789,25.7537661
66.518503,25.7505004
66.5162841,25.7471771
66.5158859,25.7465264
66.5101038,25.7358392
66.5092768,25.734256
66.5087249,25.7332513
66.5083512,25.7323385
66.5070264,25.7276142
66.5069692,25.7273982
66.5069209,25.7274565
66.5067253,25.727721
66.5063409,25.7281423
66.5061094,25.7284778
66.505677,25.7291224
66.5056057,25.729234
66.5049591,25.72945
66.5048703,25.7294224
66.5039676,25.7291259
66.5039106,25.7293261
66.5038631,25.7310141
66.5037893,25.7331726
66.5038796,25.7346597
66.5039812,25.7356948
66.503587,25.7381403
66.5034534,25.7388932
66.5022668,25.7455261
66.5020071,25.7471165
66.5010871,25.751921
66.49965,25.7547915
66.4976532,25.7563532
66.4975863,25.7563819
66.4973885,25.7564828
66.4958559,25.7568127
66.4940949,25.7566315
66.4924997,25.7571474
66.4916389,25.7567577
66.4905448,25.7560045
66.4898029,25.7552657
66.488691,25.7540545
66.488536,25.7538638
66.4877727,25.7528943
66.487271,25.7522231
66.4870337,25.7518959
66.4863998,25.751112
66.4856888,25.750429
66.4837511,25.7479244
66.4831672,25.746902
66.4829902,25.7466436
66.4828829,25.746491
66.481472,25.7451048
66.4789112,25.744802
66.4773968,25.7452315
66.4764085,25.7450857
66.475779,25.7448649
66.473872,25.745346
66.4719798,25.748949
66.4713294,25.7525296
66.4705445,25.7566826
66.4659999,25.7660529
66.4612389,25.7671267
66.4578749,25.7674739
66.445404,25.7754388
66.4397882,25.7780643
66.4363389,25.7831589
66.4320164,25.7908727
66.4285796,25.7986592
66.4266414,25.8031988
66.4244572,25.8108201
66.4240319,25.8126102
66.4143167,25.8382601
66.4067879,25.8468872
66.406745,25.8469229
66.391336,25.8644345
66.3862026,25.8690404
66.3823214,25.8725229
66.3799534,25.8746474
66.3770514,25.8772575
66.3736907,25.881795
66.3720866,25.88615
66.3711693,25.8888663
66.3682439,25.8938428
66.3677189,25.8943478
66.3667043,25.8950552
66.3651964,25.8955538
66.3597459,25.8963802
66.357459,25.8978862
66.3552363,25.9001569
66.3515857,25.9029725
66.3481565,25.9040527
66.3455529,25.9047379
66.3446924,25.9053604
66.3435256,25.906558
66.3414652,25.9084157
66.3384794,25.9094675
66.3368073,25.9102846
66.3335166,25.9130652
66.3325753,25.9140822
66.328938,25.9192056
66.3288834,25.9192867
66.3259008,25.9233612
66.3250704,25.9243492
66.3250109,25.9244193
66.3241556,25.9253827
66.3215996,25.9280709
66.3192656,25.930487
66.3182798,25.9314858
66.3169516,25.9330822
66.3167402,25.9333973
66.3156047,25.9354813
66.3144538,25.938672
66.3131572,25.9429485
66.3119028,25.9456166
66.3062701,25.9508872
66.3056039,25.9514482
66.301315,25.9618676
66.3006972,25.9674773
66.2998722,25.9752518
66.2983646,25.9836578
66.2974618,25.9876843
66.2952855,25.9975473
66.293922,26.0039239
66.2934039,26.0074603
66.2928695,26.0158194
66.2925595,26.0213494
66.2889104,26.0409952
66.2873772,26.0500748
66.2857772,26.0629706
66.2854789,26.0662881
66.2848679,26.0755546
66.2822174,26.0891652
66.2808767,26.0936305
66.2802031,26.0967255
66.2792782,26.1070302
66.2792279,26.1080217
66.2791838,26.108699
66.2785043,26.1142683
66.2779781,26.116588
66.2774933,26.1182857
66.2763346,26.1214918
66.2758006,26.1229047
66.2756926,26.1232257
66.2752204,26.124774
66.2748053,26.1263344
66.2744261,26.1281492
66.2725182,26.1376206
66.2662555,26.1487659
66.2598875,26.1540792
66.2572045,26.1544451
66.252231,26.1556989
66.2452527,26.1591217
66.2414581,26.1624182
66.2381659,26.168206
66.2354061,26.1707303
66.2343413,26.1713526
66.2326368,26.1728635
66.2314698,26.1742582
66.2304246,26.1756677
66.2283642,26.17835
66.2272605,26.1795804
66.2257793,26.1809276
66.2242138,26.1819936
66.2233891,26.1825204
66.2177124,26.1892696
66.2137094,26.1951104
66.2126558,26.196129
66.211834,26.1966855
66.210137,26.1974943
66.2095079,26.1978953
66.2072713,26.2004241
66.2053035,26.2046002
66.2041788,26.2085693
66.2022684,26.2184322
66.2010008,26.2217196
66.1975148,26.2238678
66.1957207,26.2244887
66.1882468,26.2282446
66.1881892,26.2282575
66.1852192,26.2281333
66.1825164,26.227505
66.1824398,26.2274863
66.1768489,26.2287599
66.1757693,26.2299955
66.1732204,26.2334931
66.1702151,26.2369814
66.1657125,26.2411036
66.1638741,26.2430888
66.1638214,26.2431612
66.1609826,26.2489861
66.1544011,26.2593092
66.1526467,26.2617119
66.1489738,26.2667213
66.1382502,26.2736468
66.1333767,26.2788265
66.1332576,26.2789832
66.129513,26.2863297
66.1272645,26.2927226
66.1266944,26.2943722
66.1246517,26.2992855
66.1207819,26.3035501
66.1161697,26.3078713
66.1143284,26.3109969
66.1129846,26.3133991
66.1127988,26.3137272
66.1110525,26.3168475
66.110463,26.3179006
66.1089593,26.3205719
66.108348,26.3216669
66.1073596,26.3234375
66.1069485,26.324178
66.1065842,26.3248341
66.1064689,26.3250433
66.1057517,26.3263444
66.1046786,26.3286739
66.1046465,26.3287507
66.1032706,26.3322292
66.1025752,26.3339887
66.1012075,26.3372929
66.1007948,26.3381506
66.1005995,26.3385303
66.1000713,26.3395776
66.0996375,26.3403757
66.0987817,26.3417898
66.095816,26.3450028
66.0944992,26.3459328
66.094452,26.3459879
66.0931949,26.3475884
66.0931288,26.3476873
66.0923313,26.349028
66.0912717,26.3508123
66.0912524,26.3508453
66.0902979,26.352482
66.0893639,26.3540578
66.0886209,26.3552672
66.0864665,26.3577023
66.0852541,26.3584029
66.0852339,26.3584102
66.085032,26.3584834
66.0819637,26.359444
66.0812858,26.3598167
66.0776407,26.3618862
66.075058,26.363364
66.0750278,26.3633811
66.0658549,26.3669694
66.0625829,26.3679856
66.0608835,26.3684643
66.0601786,26.3686359
66.0552868,26.366517
66.0508082,26.3588367
66.0360356,26.3363665
66.014473,26.3180437
66.0131149,26.3184881
66.0130917,26.3169516
66.0096856,26.2890363
66.0073436,26.2751038
66.0065478,26.272119
66.0006312,26.2398999
66.0005757,26.2359499
66.0014969,26.2272653
66.0005846,26.2207395
66.0002409,26.2194471
65.9999273,26.2182221
65.9994297,26.2164435
65.9987077,26.2122818
65.9985979,26.2104829
65.9985464,26.2092695
65.998502,26.2083626
65.9984214,26.2068803
65.9983469,26.2058549
65.997867,26.2021823
65.9949704,26.1952614
65.9907728,26.187304
65.9887347,26.1782023
65.9856356,26.1640061
65.9828256,26.1487942
65.9812462,26.1407783
65.9789829,26.1292828
65.9788914,26.1287752
65.9769039,26.1203996
65.9720639,26.1045257
65.9670724,26.08842
65.9613337,26.0697596
65.9618154,26.0380859
65.961878,26.0364506
65.9619003,26.0359722
65.9623229,26.0311782
65.9681762,26.0111051
65.9682112,26.0102514
65.9632401,25.9745627
65.9629958,25.9596846
65.9627698,25.9573934
65.9620978,25.9516105
65.9601997,25.945437
65.9559184,25.9332536
65.9500156,25.90903
65.9444542,25.8965904
65.944331,25.8963245
65.9361016,25.8777763
65.9334004,25.8716778
65.9313839,25.866813
65.9254458,25.8244195
65.9244696,25.8145816
65.9239642,25.8117798
65.922257,25.8045269
65.9206496,25.7962971
65.9205999,25.7959283
65.9203999,25.7939779
65.9186447,25.7725979
65.9155487,25.7583711
65.9022414,25.7330995
65.9021383,25.7329176
65.9005407,25.7291615
65.9001436,25.7278757
65.8961163,25.7038923
65.8959263,25.702664
65.8924352,25.6815173
65.8920241,25.6801425
65.8912138,25.6776885
65.8793513,25.6098528
65.878488,25.6059221
65.8765358,25.5948735
65.8740247,25.5850784
65.873619,25.5839095
65.8731026,25.5823967
65.8721435,25.5793574
65.8710009,25.5706527
65.8711479,25.5661577
65.8716906,25.5619473
65.8720384,25.5573821
65.8720183,25.5556139
65.8619405,25.512389
65.8618206,25.512013
65.8617079,25.5116832
65.86167,25.5115725
65.8533032,25.4843996
65.848244,25.4615644
65.852094,25.4116137
65.8556444,25.3764971
65.8457768,25.3344856
65.8435534,25.3286429
65.8347714,25.3200622
65.8335246,25.3206469
65.8334802,25.3206726
65.8330886,25.3208983
65.8298725,25.322684
65.8207482,25.3243423
65.8167787,25.3244215
65.8119879,25.3212546
65.8076004,25.3181804
65.8054347,25.3167562
65.7966749,25.3113039
65.7946101,25.3124233
65.7895842,25.3182097
65.7811287,25.3115714
65.7723009,25.3041019
65.7691949,25.3016805
65.7598036,25.2944663
65.7507386,25.272799
65.7483006,25.2664584
65.7452286,25.2585952
65.7387199,25.2392027
65.7306771,25.2178161
65.7278584,25.2108639
65.7220805,25.1983743
65.7192688,25.1940929
65.7150936,25.1877028
65.7135887,25.1853885
65.7061533,25.1720999
65.7048368,25.16958
65.6927674,25.1525057
65.6894956,25.1355289
65.6888163,25.1324395
65.6874388,25.1294221
65.6856616,25.1276736
65.6852532,25.1273176
65.6826424,25.1250665
65.6786973,25.1191535
65.6725159,25.1070651
65.6705627,25.103241
65.6690164,25.1005966
65.6667034,25.0971097
65.6635998,25.0924147
65.6619039,25.0876547
65.6615815,25.0858569
65.6608002,25.0829899
65.6605295,25.0823089
65.6585964,25.0822627
65.6569835,25.0867458
65.6561944,25.0865607
65.6559306,25.0863692
65.655269,25.0857873
65.6544468,25.0885311
65.6535448,25.0901297
65.6467103,25.0989589
65.6304942,25.1268884
65.6270007,25.1365951
65.6231301,25.1478166
65.6111836,25.17283
65.6100676,25.1751258
65.6096065,25.1761245
65.609045,25.1772893
65.6078932,25.1796871
65.6047906,25.1862568
65.6042222,25.1874392
65.6023957,25.1909928
65.6008537,25.1930006
65.6003586,25.1934602
65.5998432,25.1938079
65.5986125,25.1944568
65.5973238,25.1949401
65.5969196,25.1950292
65.5917095,25.1958377
65.5868665,25.1967819
65.5857649,25.1970844
65.5852094,25.1973664
65.5809649,25.2006187
65.5807908,25.2008142
65.5806447,25.2009649
65.5787004,25.2032917
65.5753635,25.2086876
65.5745811,25.21007
65.5708289,25.216783
65.5653343,25.2271782
65.5631978,25.2321479
65.5628323,25.2328572
65.562554,25.2333113
65.5615872,25.2347995
65.5614235,25.2350207
65.5464623,25.2422907
65.5454858,25.242698
65.5450327,25.2428963
65.5412815,25.2444187
65.5411326,25.244481
65.5394299,25.245208
65.5333784,25.2510761
65.5313517,25.2549077
65.5300443,25.2567813
65.528958,25.2578911
65.5277969,25.2587691
65.5258184,25.259838
65.5219374,25.265281
65.5209885,25.2678908
65.5195192,25.272177
65.5179775,25.2761216
65.515111,25.28208
65.513907,25.2840623
65.5096873,25.2891124
65.5052143,25.2937757
65.5007804,25.3008698
65.5005815,25.3012723
65.4984609,25.3061378
65.4962087,25.3119072
65.4958346,25.3128644
65.4906327,25.326294
65.489366,25.3295009
65.489156,25.3300596
65.4873486,25.3343466
65.4838053,25.3404057
65.4802445,25.3441629
65.4761061,25.3504844
65.4713566,25.3614845
65.4676207,25.3687613
65.4666229,25.370327
65.4654294,25.3718923
65.4639183,25.3736869
65.4635183,25.3741393
65.4627372,25.3750609
65.4617745,25.3762051
65.4612043,25.3768583
65.4591378,25.378857
65.4538772,25.3798875
65.4513752,25.3785221
65.450654,25.3780377
65.4501284,25.377634
65.4435125,25.3736928
65.441365,25.3738068
65.4272677,25.3841464
65.425927,25.3851931
65.421959,25.3867453
65.4217805,25.3867354
65.4209895,25.3866728
65.4200179,25.3866323
65.4189022,25.3864845
65.4173595,25.3861312
65.4110809,25.3845174
65.4102806,25.3843194
65.3913645,25.3798635
65.3911553,25.3798229
65.390162,25.3796098
65.3896954,25.3794987
65.389373,25.3794276
65.3683084,25.37454
65.3675373,25.3743815
65.3663552,25.3741386
65.3642479,25.3736433
65.3575296,25.3720634
65.3552978,25.3715401
65.3516668,25.370689
65.3493954,25.3701566
65.3481462,25.3698628
65.3465194,25.369515
65.346213,25.3694532
65.3452072,25.3692174
65.3442497,25.3689767
65.3433819,25.3687586
65.3413132,25.3682476
65.3406751,25.3680924
65.3393832,25.3678003
65.3360233,25.3697582
65.3340146,25.3741122
65.3333512,25.3751797
65.3330246,25.3755758
65.3318182,25.3765943
65.3305057,25.3773193
65.3303169,25.3774217
65.3299737,25.3776259
65.3287976,25.3782412
65.3274829,25.3789709
65.3232919,25.3797142
65.3229205,25.379447
65.3226409,25.3792861
65.3224354,25.3789777
65.3224148,25.3786471
65.3222463,25.3784634
65.3222,25.3784962
65.3218934,25.3783442
65.3215918,25.378056
65.3180053,25.3740693
65.3177213,25.3736132
65.317632,25.3732876
65.3174492,25.3732514
65.3173927,25.3733383
65.3169923,25.3734353
65.3107693,25.3738873
65.3097063,25.3740045
65.3086532,25.3741927
65.3085629,25.3743688
65.3084087,25.3742196
65.307245,25.3745755
65.3065743,25.3746972
65.3063866,25.3747312
65.3061025,25.37479
65.3039106,25.3750604
65.3034177,25.3750187
65.3032114,25.3750013
65.3015894,25.374787
65.2972017,25.3737242
65.2956831,25.3733593
65.2932715,25.3731361
65.2921875,25.3730373
65.2914842,25.3729988
65.2912615,25.372989
65.2910819,25.3729821
65.2907986,25.3729712
65.2892422,25.3727923
65.289147,25.3727778
65.2874318,25.3722211
65.2841475,25.3700528
65.2819341,25.3688414
65.280192,25.3679406
65.2776354,25.366624
65.2742948,25.364888
65.2691914,25.3626977
65.2667935,25.3628275
65.2661793,25.3630395
65.2647871,25.3637155
65.2646874,25.3637805
65.260313,25.3681792
65.2559456,25.3730761
65.2443928,25.3832725
65.2361009,25.3882703
65.2341583,25.3894166
65.2339728,25.3895382
65.2054561,25.4180241
65.2052795,25.4182945
65.2050863,25.4185811
65.2014347,25.4229616
65.1998256,25.4243991
65.1925461,25.4277165
65.1921812,25.4277484
65.1899291,25.4276806
65.1888721,25.4275012
65.1881503,25.4273356
65.1877525,25.4272584
65.1869262,25.4270977
65.1853678,25.4267864
65.1680597,25.4255987
65.1557396,25.4291991
65.133612,25.4325903
65.1262641,25.4311183
65.1230455,25.430482
65.1183706,25.4295167
65.1174773,25.4293457
65.1161857,25.4290789
65.1118187,25.4283935
65.1109531,25.4283658
65.1034455,25.4297194
65.1026825,25.4300318
65.1012051,25.4307236
65.1006971,25.4309799
65.100622,25.4310227
65.0854167,25.4394879
65.0843367,25.4399117
65.0791277,25.4414387
65.0789304,25.4414774
65.0768648,25.4417622
65.074703,25.4419269
65.072466,25.4419015
65.0701402,25.4416343
65.0700739,25.4416267
65.0680579,25.4413991
65.0679767,25.4413943
65.0655567,25.4414559
65.0652438,25.4415145
65.0613809,25.4430444
65.0603256,25.4438067
65.059956,25.444086
65.0571029,25.4469205
65.0563772,25.4477844
65.0518253,25.4541689
65.0505902,25.4561374
65.0441476,25.4666086
65.0434328,25.4679376
65.0409714,25.4735036
65.0407916,25.4739539
65.0400424,25.4758911
65.0391797,25.4781499
65.0380563,25.4808649
65.0337773,25.4901526
65.0322543,25.4942331
65.0309413,25.4981026
65.0306686,25.4989059
65.0304994,25.4993863
65.0301203,25.5003883
65.0284666,25.504176
65.0281241,25.5047857
65.0271141,25.5061884
65.0266491,25.5066664
65.0238545,25.5081465
65.0234083,25.5081639
65.0232382,25.5081579
65.0218964,25.5081656
65.0213428,25.5081565
65.0207451,25.5081495
65.0157048,25.5071944
65.0150762,25.5070029
65.0120699,25.5062961
65.0117892,25.5062416
65.0096432,25.5060304
65.0063436,25.5064643
65.0057852,25.5065814
65.0048908,25.506813
65.0042963,25.5069432
65.000186,25.5068467
64.997896,25.5062777
64.9974938,25.5061744
64.9909639,25.504546
64.9889169,25.5044557
64.9827602,25.5065668
64.9807121,25.5077641
64.9758808,25.5106029
64.9753262,25.5108604
64.973445,25.5115396
64.9728749,25.5117029
64.9630259,25.5146838
64.958833,25.5176336
64.9576652,25.5187774
64.9555479,25.5212512
64.9516008,25.52692
64.951413,25.5271778
64.9491991,25.5299464
64.9488775,25.5303262
64.9450634,25.5341996
64.9377561,25.5391106
64.9282623,25.5389338
64.9278031,25.5387144
64.9253905,25.5372886
64.9198496,25.5348968
64.9194487,25.5348405
64.9187823,25.534769
64.9104469,25.5364998
64.9031872,25.5338928
64.8994666,25.5294294
64.8781502,25.5201825
64.8778653,25.520169
64.8692293,25.5195302
64.864284,25.518393
64.8638341,25.5182048
64.8599766,25.5159985
64.8264246,25.5012208
64.8262031,25.5009386
64.8232669,25.4969018
64.8225861,25.4959568
64.8224141,25.4957208
64.8202409,25.4927022
64.8180125,25.4895486
64.8166278,25.4874908
64.8164032,25.4871316
64.8154653,25.4850543
64.8154754,25.4849599
64.8152979,25.484141
64.8151094,25.4840619
64.8148315,25.4846287
64.8148216,25.484761
64.8141062,25.4865834
64.8138226,25.4870473
64.8134318,25.4876935
64.8130874,25.4884472
64.8125793,25.4895025
64.8124785,25.489718
64.8081773,25.5001402
64.8069055,25.5031117
64.8020954,25.5139654
64.7982683,25.5227245
64.7967413,25.5261608
64.7947544,25.5306723
64.7924665,25.5362032
64.7909533,25.5393733
64.7880693,25.5421984
64.7859843,25.5446969
64.7835589,25.5467633
64.7814662,25.5474562
64.7813356,25.5474992
64.7811417,25.5475593
64.7777022,25.5481365
64.776651,25.5481626
64.7729977,25.5481709
64.7689131,25.547935
64.7654883,25.5478528
64.7628024,25.5478866
64.7613194,25.5482035
64.7606443,25.5483681
64.7583648,25.5489263
64.7579312,25.5490321
64.7564242,25.5494316
64.7553597,25.5501708
64.7543908,25.5512931
64.751979,25.5541565
64.7519313,25.5542132
64.7502102,25.5562844
64.7486896,25.5586048
64.7462293,25.5613047
64.7438076,25.5634368
64.7395324,25.5672188
64.739102,25.567603
64.7365652,25.5686947
64.7365246,25.5686839
64.7348423,25.568573
64.7327633,25.5685696
64.7300289,25.5685885
64.7254708,25.5685448
64.7242659,25.5685122
64.7237143,25.5684919
64.7224866,25.5684806
64.7113205,25.5689763
64.7112274,25.5690165
64.7095605,25.5697144
64.7066019,25.5715529
64.7002008,25.5764362
64.6938139,25.5850397
64.6918326,25.5881427
64.685573,25.5977639
64.6852652,25.5981614
64.6817184,25.6009271
64.6760707,25.6017406
64.6705545,25.6024487
64.6705335,25.6024535
64.6677214,25.6040845
64.6650207,25.6070259
64.6649529,25.6071036
64.6634372,25.608841
64.6607049,25.6120395
64.6602795,25.6125375
64.6580657,25.6151199
64.6572622,25.616049
64.656526,25.6169201
64.6557213,25.6178429
64.6554348,25.6180804
64.6544478,25.6192238
64.6536388,25.6202628
64.6533716,25.620545
64.6500883,25.6244065
64.648954,25.6259138
64.6469444,25.629116
64.6435572,25.6343338
64.6402928,25.6383527
64.6372829,25.6409949
64.6362577,25.6416757
64.6359658,25.6418539
64.6340066,25.6428067
64.6315799,25.6434307
64.6306741,25.6436894
64.6299801,25.6438733
64.6270421,25.6445582
64.6241344,25.6452145
64.623078,25.6454533
64.6228864,25.6454966
64.6206168,25.6460314
64.6196398,25.6462807
64.6148517,25.6473083
64.6135344,25.6478505
64.6112963,25.649318
64.6092449,25.6512717
64.6089748,25.6515384
64.6071211,25.6532718
64.5971244,25.6626319
64.5961807,25.6634438
64.5908586,25.6685243
64.5898985,25.6693647
64.5864032,25.6727423
64.5809828,25.6773665
64.5701457,25.680034
64.5647995,25.6811288
64.5589517,25.6815348
64.5584453,25.6814628
64.5582122,25.6814252
64.5572647,25.681232
64.5561306,25.6809825
64.5528352,25.679635
64.5444258,25.6753633
64.5303965,25.6682167
64.5296341,25.6678219
64.5273119,25.6666192
64.5266036,25.6662594
64.5244327,25.6651569
64.5195786,25.6618587
64.5178624,25.6599853
64.5158762,25.6577989
64.5144553,25.6568599
64.5132419,25.6567448
64.5102661,25.657826
64.5097466,25.6580442
64.5092724,25.6581685
64.507713,25.6587363
64.5069322,25.6591609
64.5026664,25.6610987
64.5023627,25.6613737
64.5020074,25.6617562
64.5008297,25.6637671
64.5006265,25.6641722
64.4991062,25.6673228
64.4962323,25.67319
64.4938877,25.6780257
64.4906243,25.6845033
64.4903637,25.684918
64.4878385,25.6884151
64.4834514,25.695688
64.4825769,25.6971212
64.4825612,25.6971537
64.4800806,25.7014145
64.4721211,25.7147719
64.4706259,25.7172936
64.4697369,25.7188068
64.4693655,25.7194545
64.4683917,25.7211015
64.4679147,25.7218903
64.4648887,25.726977
64.4618595,25.7321552
64.4547994,25.7439909
64.4518716,25.7488834
64.4505925,25.751098
64.4460485,25.7587307
64.4408371,25.7675666
64.4407935,25.7676537
64.4376282,25.772979
64.4368401,25.7743422
64.4363622,25.7751391
64.4356177,25.7764656
64.4353799,25.7768439
64.4278742,25.7895819
64.4247831,25.7948774
64.4239576,25.7962845
64.4186047,25.8054042
64.4175101,25.8072474
64.4123085,25.8167863
64.4041314,25.8305288
64.4016056,25.8314213
64.4012463,25.831567
64.4004108,25.8319599
64.397365,25.8340167
64.3948232,25.8358935
64.3940512,25.8364756
64.391041,25.8385828
64.3898124,25.8394434
64.3872151,25.8413879
64.3863769,25.8421173
64.3842296,25.8446976
64.3789035,25.8563527
64.3768953,25.8612924
64.3744802,25.8674
64.3711397,25.8759722
64.3679855,25.8819898
64.3679066,25.8821128
64.3678251,25.8822365
64.3650328,25.8855663
64.3646679,25.8858883
64.3635019,25.8867963
64.3622907,25.8875566
64.3586824,25.8885927
64.3496533,25.8835234
64.3449405,25.8777241
64.3396389,25.8726763
64.3383543,25.8717159
64.3372594,25.8709199
64.336888,25.8706527
64.3365275,25.8703745
64.3362992,25.870221
64.336165,25.8701255
64.3357874,25.8698569
64.3284043,25.8663281
64.3259616,25.8661122
64.3259165,25.8660995
64.3241005,25.8659363
64.3063403,25.8568523
64.2973297,25.8591822
64.2933549,25.8619939
64.2926084,25.8628203
64.2905007,25.8653312
64.2887687,25.867523
64.2860857,25.8708966
64.2851869,25.8720657
64.284114,25.8733639
64.2803282,25.8759571
64.2801341,25.8759219
64.277068,25.8722488
64.2768609,25.8719175
64.2742216,25.8692971
64.2698875,25.8689111
64.2685638,25.8688631
64.2662141,25.8677733
64.2646287,25.8668095
64.2644887,25.8667389
64.2639905,25.8664827
64.2619786,25.8654722
64.2614443,25.8651796
64.2613729,25.8651405
64.2611177,25.8650023
64.2605228,25.864697
64.2539801,25.8606983
64.2520687,25.858831
64.2506347,25.8573744
64.2497926,25.8565239
64.2493094,25.8560267
64.2435528,25.8504002
64.2402414,25.8471299
64.2398828,25.8468086
64.2370279,25.844735
64.2367914,25.8445725
64.2317005,25.8410351
64.2316076,25.8409653
64.2259989,25.8370357
64.2220006,25.8342046
64.2196859,25.8323065
64.2188539,25.831504
64.2174003,25.8300559
64.2053033,25.8170418
64.200974,25.8123723
64.200514,25.8118836
64.1949389,25.8065958
64.1939322,25.8062701
64.1936478,25.8062051
64.1908354,25.8058443
64.1867515,25.8054985
64.1841842,25.8052266
64.1835207,25.8051546
64.1823072,25.8049031
64.1817851,25.8047519
64.1814943,25.8046585
64.1805836,25.8043214
64.1789831,25.8036385
64.1788476,25.803581
64.1773011,25.8031057
64.1763969,25.8027805
64.173729,25.8018238
64.1599454,25.7996012
64.1574436,25.7993544
64.147072,25.798306
64.1452731,25.7984189
64.1277145,25.8003452
64.1202596,25.8011742
64.1187732,25.8013452
64.1141155,25.8015458
64.1093179,25.8013905
64.1022369,25.8011689
64.1015311,25.8011658
64.1010414,25.8011576
64.1002051,25.8011546
64.0930636,25.8009135
64.0918497,25.8008636
64.0916306,25.8008625
64.090406,25.8008362
64.0903703,25.8008352
64.0895185,25.8008113
64.0853572,25.8006602
64.0806454,25.8002976
64.0744949,25.7995992
64.0450958,25.7894861
64.0436137,25.7885711
64.0361337,25.7839737
64.032082,25.7807904
64.0266209,25.7739379
64.0214677,25.7674904
64.0184148,25.7641507
64.0153625,25.7622261
64.0152229,25.7621636
64.0116593,25.7600636
64.0103968,25.7593366
64.007373,25.7575528
64.0058026,25.7566588
64.0039914,25.7556127
64.0008797,25.7550019
63.9988328,25.7550451
63.9944661,25.7557614
63.9918327,25.7576076
63.9904328,25.7585845
63.989898,25.7588488
63.9886624,25.7592797
63.9884895,25.7593163
63.9870569,25.7593925
63.9858446,25.7591767
63.9855039,25.7590796
63.9849188,25.7589093
63.9836901,25.7582735
63.9830177,25.757414
63.9829503,25.7572162
63.9827791,25.7571949
63.9827335,25.7572702
63.9818067,25.7574485
63.9817431,25.7574517
63.981648,25.7574607
63.9810557,25.7575633
63.9801573,25.757944
63.9792763,25.7583736
63.9787751,25.7584862
63.9787213,25.7583447
63.9785655,25.7583272
63.9785086,25.7584459
63.9780821,25.7588473
63.9776988,25.7590731
63.9766601,25.7594204
63.9761985,25.7596373
63.9758981,25.7599216
63.9748157,25.7613007
63.9743944,25.7618347
63.9743113,25.761814
63.9741772,25.7620072
63.9741534,25.7621369
63.9738043,25.7630739
63.9736397,25.7632536
63.9732387,25.763705
63.9732004,25.7637521
63.9730454,25.7639667
63.9721579,25.7653697
63.9708747,25.7674389
63.9694122,25.7698322
63.9589148,25.7870867
63.9566569,25.7931004
63.9562548,25.7944247
63.9550816,25.7977673
63.9548869,25.7982596
63.9539319,25.8004042
63.9515521,25.8043709
63.9511301,25.8049311
63.9473232,25.8088071
63.9435945,25.8125239
63.9387606,25.8174668
63.9327484,25.8215406
63.9205102,25.8130643
63.9203553,25.8128403
63.9157429,25.8061055
63.9136126,25.8030731
63.912191,25.8015121
63.9090037,25.7999528
63.9026024,25.7980316
63.8961428,25.7984519
63.8917716,25.7995237
63.8821718,25.8058687
63.8804935,25.8074785
63.873641,25.8147008
63.8725836,25.8164206
63.8710818,25.8196703
63.8542723,25.8432947
63.850906,25.8467113
63.8488655,25.8482379
63.847341,25.8496793
63.8437695,25.8534306
63.8410245,25.8562719
63.8409649,25.8563322
63.8384451,25.8589095
63.8356186,25.8626147
63.8340224,25.866129
63.8332479,25.8679452
63.8330453,25.8684536
63.8315783,25.8717463
63.8303149,25.8745853
63.8293333,25.8767599
63.8293193,25.8767899
63.8268218,25.8815225
63.8242861,25.886208
63.823947,25.8867003
63.8230343,25.8881076
63.8210776,25.8909808
63.8196868,25.8930665
63.8161043,25.8983719
63.8141718,25.9016984
63.8128795,25.9042653
63.8095599,25.9100822
63.8091791,25.9105312
63.8087563,25.9110535
63.8085509,25.9112744
63.8079034,25.9119707
63.8076889,25.9121628
63.8052235,25.9140283
63.8008594,25.915611
63.7951641,25.917655
63.7932287,25.9189586
63.7841639,25.9301234
63.7775516,25.9386791
63.7745867,25.9408723
63.7712996,25.9419205
63.7640874,25.9433097
63.760995,25.944492
63.7593468,25.9451224
63.7560458,25.9463324
63.7540211,25.9467463
63.7504052,25.9452649
63.7460114,25.9404843
63.744739,25.9391972
63.7400957,25.9339699
63.7372159,25.9293025
63.7362972,25.9277063
63.7333433,25.9229305
63.7312689,25.9202388
63.7288096,25.9179467
63.7273261,25.916855
63.7259239,25.9162435
63.7238273,25.9160633
63.7210336,25.9163894
63.71792,25.9168198
63.717655,25.9168525
63.7165893,25.9169829
63.7157947,25.9169673
63.7145536,25.9171223
63.714431,25.917134
63.7126523,25.9174249
63.7114986,25.9175667
63.7104641,25.9176651
63.707651,25.9166448
63.7071707,25.9162475
63.6987666,25.9091294
63.697815,25.9083327
63.6969865,25.9075656
63.6945928,25.9056695
63.6943687,25.9054672
63.6923717,25.9036962
63.692319,25.9036532
63.6854969,25.8977222
63.6816895,25.8944383
63.677445,25.8907693
63.677065,25.8903899
63.6730397,25.8870067
63.6726391,25.8866583
63.6687598,25.8832842
63.6680636,25.8826896
63.6669581,25.8817353
63.6664478,25.8812768
63.665412,25.880198
63.665201,25.8799495
63.6631411,25.8763602
63.6622724,25.8741478
63.6609663,25.8707784
63.6608769,25.8705466
63.6595479,25.8670341
63.6510937,25.8448001
63.6468816,25.8338487
63.6464353,25.832675
63.6456043,25.830545
63.6444984,25.827167
63.6439701,25.8253248
63.6430297,25.8219819
63.6425383,25.8202392
63.6375464,25.8043862
63.630852,25.7858884
63.6240993,25.7848632
63.6239253,25.7848495
63.6180843,25.7845231
63.6087904,25.7912256
63.6052067,25.7951474
63.5989754,25.7985579
63.5961981,25.796216
63.5915946,25.7909663
63.5880483,25.7848692
63.5861632,25.7815368
63.5839024,25.7775552
63.581787,25.7741661
63.5650609,25.7608892
63.5622384,25.7616911
63.5620132,25.7617606
63.5598554,25.7623746
63.5584543,25.7627855
63.5548135,25.763809
63.5525954,25.7640815
63.5507102,25.76315
63.5506033,25.7630663
63.5498675,25.7623842
63.546537,25.7589956
63.5458056,25.7582108
63.5453898,25.7577836
63.5347602,25.7468117
63.5320958,25.7440792
63.5310794,25.7431296
63.5259548,25.7394934
63.5196928,25.7351321
63.5157307,25.7314709
63.5104712,25.7189926
63.5052584,25.7054287
63.5044982,25.7033845
63.5002964,25.692363
63.4997871,25.6910329
63.4952314,25.6790211
63.4948363,25.6780001
63.4945135,25.6771343
63.4940902,25.676083
63.4914438,25.6695093
63.4898266,25.6669354
63.4897103,25.6667721
63.4886775,25.6652204
63.4849723,25.6598503
63.4844625,25.6590602
63.4842902,25.6587757
63.4817533,25.6556091
63.4787868,25.6533229
63.4764039,25.6518867
63.4541776,25.6398336
63.4340207,25.6446768
63.4335661,25.6444841
63.4329263,25.6442429
63.4254274,25.6411964
63.4163117,25.6426974
63.4124018,25.6430518
63.4101973,25.643265
63.4061118,25.6439406
63.4038453,25.6447028
63.3989567,25.6460544
63.3955597,25.6443995
63.395058,25.6438868
63.3942197,25.6428746
63.3931412,25.6411317
63.392828,25.64053
63.3905344,25.633664
63.3890558,25.6280305
63.3881091,25.6245546
63.3874838,25.6220658
63.3863034,25.6174891
63.3861868,25.617024
63.3846048,25.610747
63.3844708,25.610277
63.3839162,25.6082297
63.3824982,25.6033748
63.3806246,25.5987025
63.3784332,25.5938587
63.3770786,25.5910343
63.3720997,25.5850845
63.3713736,25.5852167
63.3712487,25.5852677
63.3706802,25.5854849
63.36971,25.5858765
63.3688432,25.5863793
63.36869,25.5864834
63.3674562,25.5871887
63.3665256,25.5877114
63.3647406,25.5890035
63.3641732,25.5894964
63.3638403,25.5897907
63.3627818,25.5909579
63.3618232,25.5920574
63.3613822,25.5925823
63.3584055,25.5958502
63.3569701,25.5967933
63.3548466,25.5977366
63.3548137,25.5977535
63.3528209,25.5990501
63.3518898,25.5997764
63.3517527,25.5998907
63.3485501,25.6020077
63.3457462,25.6026201
63.3450066,25.6027435
63.3417402,25.6042997
63.3383564,25.6068553
63.3378772,25.6071037
63.3348631,25.6078032
63.3331085,25.6077217
63.3314393,25.607462
63.3293161,25.6071446
63.3288237,25.607071
63.325507,25.6074556
63.3240281,25.6085757
63.3236847,25.6089185
63.3192188,25.6134058
63.3158753,25.6167843
63.3126933,25.619982
63.3107082,25.6220044
63.3106533,25.6220629
63.3091498,25.623588
63.3056229,25.6271491
63.3033749,25.6294325
63.3027634,25.6300564
63.2970956,25.6367399
63.2939776,25.6389527
63.2918854,25.6390879
63.2877005,25.6380375
63.2841821,25.6382521
63.27841,25.6413136
63.2774763,25.6416161
63.27524,25.6424648
63.2743549,25.6429266
63.2709754,25.6445657
63.264622,25.6474277
63.2643867,25.6474713
63.2603997,25.6479518
63.2603065,25.6479741
63.2571993,25.6504219
63.2568795,25.6507795
63.2563024,25.6514327
63.2542886,25.653743
63.2485138,25.6583808
63.2474304,25.6592689
63.246853,25.6597919
63.2451829,25.661214
63.2433893,25.6630706
63.2404508,25.6652316
63.2396773,25.6652766
63.2392993,25.6652368
63.2385189,25.6650179
63.237044,25.664408
63.2363284,25.6641074
63.2317833,25.6621984
63.2300955,25.6615357
63.2284921,25.6612814
63.2251228,25.6624803
63.2248795,25.662682
63.2244762,25.6630221
63.2226605,25.6651175
63.2212584,25.6675341
63.2195994,25.6706072
63.2192775,25.671072
63.2149795,25.6747927
63.2143443,25.6752358
63.214207,25.675338
63.210197,25.67837
63.2059374,25.683022
63.2045953,25.6849921
63.202712,25.688019
63.2026381,25.6881453
63.2020401,25.6891686
63.1981315,25.6955801
63.1947471,25.6997185
63.1938306,25.7011302
63.1924699,25.7044695
63.1923563,25.7048211
63.1919106,25.7063462
63.1893719,25.7121111
63.1877812,25.7141179
63.1856589,25.716824
63.182809,25.7233571
63.1826769,25.7236919
63.181298,25.7269138
63.1811988,25.7271187
63.1798139,25.7294831
63.1795423,25.7299132
63.1792558,25.7303669
63.178077,25.7321289
63.1757345,25.7361295
63.1756984,25.7361956
63.1728871,25.7415242
63.1715807,25.7434335
63.1683806,25.7476119
63.168311,25.7477004
63.1623097,25.7542411
63.1609894,25.7563105
63.1573792,25.7606576
63.1567044,25.7610937
63.1511104,25.7614253
63.1482034,25.7614057
63.1443755,25.7637834
63.1428691,25.7647929
63.1428073,25.7648309
63.1414014,25.7657666
63.1406197,25.766264
63.1399445,25.7665869
63.1383457,25.7675464
63.1375007,25.7680286
63.1366436,25.7684991
63.1361485,25.7687103
63.1352525,25.7690924
63.1320979,25.7708194
63.1303268,25.7719706
63.1296791,25.7723836
63.1283134,25.7734349
63.1272357,25.7746573
63.1259958,25.7766798
63.1250794,25.7786875
63.1249762,25.7789386
63.1236714,25.782184
63.1222652,25.7850717
63.1204051,25.7883038
63.1168582,25.7951418
63.1156803,25.797898
63.1154473,25.7984389
63.111447,25.8105412
63.109673,25.8153231
63.1045253,25.8278228
63.1038369,25.8294658
63.1022299,25.8333388
63.0985825,25.8421002
63.0983061,25.8427705
63.0962936,25.847621
63.0957822,25.848878
63.0951843,25.8502418
63.0886773,25.8608301
63.088071,25.8613146
63.0850108,25.8626073
63.0806179,25.8654277
63.0804443,25.8655642
63.0766939,25.8660795
63.076336,25.8658168
63.075259,25.8648751
63.0752228,25.864837
63.0746551,25.8641453
63.0741252,25.863397
63.0730119,25.8616704
63.0728968,25.8614797
63.0714208,25.8589507
63.071251,25.8586441
63.0672768,25.8538864
63.0669908,25.8535229
63.0668555,25.8533482
63.066612,25.8530332
63.0651842,25.8510392
63.0648525,25.8505934
63.0645241,25.8501399
63.064314,25.8498977
63.0637204,25.8493108
63.0571762,25.8419312
63.0531122,25.8295787
63.0490353,25.8255467
63.048927,25.8254708
63.0458586,25.8221172
63.0441504,25.8190118
63.042245,25.8159082
63.0404761,25.8134116
63.040379,25.8132746
63.0399265,25.8126512
63.0396966,25.8123424
63.0364562,25.8099305
63.0327456,25.8106928
63.0292659,25.812866
63.0252944,25.8153882
63.0243895,25.8159677
63.0203676,25.8184486
63.0171334,25.8204899
63.0157395,25.8213213
63.0138038,25.8224879
63.0121502,25.8235133
63.0103897,25.8245482
63.0103246,25.8245875
63.007573,25.8255244
63.0010637,25.8251333
62.9973557,25.8243667
62.9952558,25.8237214
62.9890559,25.8221045
62.9874989,25.8216985
62.9834003,25.8206299
62.9832984,25.8205997
62.9778249,25.8191535
62.9737589,25.8188167
62.970487,25.8192968
62.9687232,25.8195404
62.9649092,25.8201531
62.9625004,25.8205192
62.9590364,25.8210456
62.9578637,25.8212957
62.9572309,25.821415
62.9540325,25.8218266
62.9506332,25.8214759
62.9490533,25.8210392
62.9479133,25.8205805
62.9415705,25.8161811
62.9392431,25.8140382
62.9378082,25.8127145
62.9369947,25.8119372
62.9368823,25.8118291
62.9312764,25.8085654
62.928483,25.8092759
62.9267253,25.8106034
62.926498,25.8108424
62.9263837,25.8109694
62.9244253,25.8135289
62.923328,25.8150328
62.9220445,25.8164003
62.9214505,25.8169355
62.9157084,25.8191776
62.914771,25.8190854
62.9086524,25.8175484
62.9061497,25.8169693
62.9041286,25.8164854
62.9007212,25.8156644
62.9000928,25.8155102
62.8959165,25.8144671
62.8938411,25.8139435
62.8931603,25.8137855
62.8863396,25.8121652
62.8860784,25.8121013
62.8843389,25.8116516
62.8842256,25.8116218
62.8825892,25.8112001
62.8699097,25.8103418
62.8692808,25.8104132
62.867995,25.8106086
62.8664384,25.8108089
62.8655854,25.8109378
62.8546872,25.8124774
62.8495158,25.8132029
62.8411776,25.8142951
62.8356676,25.8150913
62.8297427,25.8145252
62.8286891,25.8138246
62.8279289,25.8131986
62.8239379,25.807758
62.8238077,25.8075
62.8231378,25.8063171
62.8215576,25.8041156
62.8183831,25.802668
62.8165085,25.8032798
62.8121278,25.8055051
62.8111531,25.8059233
62.8098791,25.8064662
62.8093541,25.8066699
62.8090826,25.8067752
62.8034697,25.8074551
62.803385,25.8074426
62.8032695,25.8074263
62.8014326,25.8071671
62.7998475,25.8069559
62.7944326,25.8022898
62.7903103,25.7957015
62.7864438,25.7897586
62.7845132,25.7867915
62.7769484,25.7822032
62.7767198,25.782133
62.7731756,25.7810441
62.7723528,25.7808403
62.7684221,25.7797488
62.7651039,25.7788315
62.7532159,25.7755451
62.7520231,25.7752058
62.7518505,25.7751567
62.7498949,25.7746006
62.7489509,25.7743331
62.7452913,25.773275
62.7428338,25.7725734
62.7352913,25.7703299
62.7253258,25.7573213
62.7225543,25.7538064
62.7189464,25.7523755
62.7149716,25.7543848
62.7139031,25.7552836
62.7017108,25.7642338
62.6992149,25.7647788
62.6990862,25.7648054
62.6983797,25.7649349
62.6944584,25.7659446
62.6908014,25.7647109
62.6901774,25.7639159
62.6882699,25.7595917
62.6813195,25.755593
62.67837,25.7566498
62.674341,25.755014
62.669933,25.7486987
62.6690122,25.7472323
62.6688419,25.7469548
62.6686981,25.7467153
62.6685111,25.7463957
62.6674004,25.7444973
62.6651081,25.7407496
62.6580896,25.7291164
62.6569061,25.7274525
62.6561115,25.7261963
62.6545298,25.7242215
62.6527194,25.7211031
62.648254,25.7143823
62.6475863,25.7139875
62.6462375,25.7126922
62.6455741,25.7111717
62.6454502,25.7082609
62.6443524,25.7061656
62.643231,25.7035419
62.6428131,25.7023403
62.6418456,25.6965011
62.641643,25.6942962
62.6411923,25.6917724
62.6349238,25.6848439
62.6329756,25.6847075
62.6322973,25.6846772
62.6315534,25.6846776
62.6290598,25.6846222
62.6285627,25.6846039
62.6257667,25.6843239
62.6236454,25.6836855
62.6166799,25.6840944
62.6160082,25.6843359
62.6144476,25.6851594
62.6111561,25.6877196
62.6089607,25.6889199
62.6085413,25.6890759
62.6059021,25.6896693
62.6040875,25.6895176
62.5880806,25.6956515
62.5877864,25.6956502
62.5834165,25.6937116
62.5812296,25.6913172
62.5774375,25.6820586
62.5771705,25.6814681
62.5723299,25.6744426
62.56877,25.6723067
62.5655147,25.6718838
62.5574012,25.6742794
62.5548416,25.6752414
62.5511066,25.6768948
62.550925,25.676946
62.5373887,25.6810109
62.5365616,25.6812403
62.5361178,25.6813634
62.5349252,25.6817162
62.5309338,25.682917
62.5222891,25.6855728
62.5191676,25.6864765
62.5161331,25.6861766
62.5157899,25.6864799
62.5137199,25.6879335
62.5123289,25.6882949
62.5078828,25.6870312
62.492615,25.6797759
62.4923298,25.6796249
62.4917761,25.6793545
62.4914356,25.6791944
62.4913568,25.6791529
62.4907753,25.6788591
62.4879965,25.6774737
62.4869508,25.6769569
62.4868353,25.676898
62.4832223,25.675126
62.4774083,25.6729129
62.4756493,25.6722449
62.4733966,25.6713986
62.4652608,25.6705791
62.4638453,25.6708079
62.4631488,25.6709193
62.4613374,25.6711922
62.4609077,25.6712599
62.4578158,25.6717337
62.4577554,25.671743
62.4499307,25.6767605
62.4483208,25.6780617
62.4464807,25.6795801
62.4415747,25.6836463
62.4415218,25.6836915
62.4407483,25.6842778
62.4400105,25.6848378
62.4392249,25.6854664
62.4389554,25.6856825
62.4362326,25.6875574
62.4319892,25.6896782
62.4291323,25.6910703
62.4240374,25.6931742
62.4238863,25.693206
62.4133672,25.6934453
62.4039848,25.698607
62.3944716,25.7040834
62.3898098,25.7065505
62.3887592,25.7069204
62.3853678,25.707047
62.383379,25.7064309
62.3804671,25.7045566
62.3604039,25.6997005
62.3517589,25.7008498
62.3511565,25.7010509
62.348618,25.7018968
62.3482022,25.7020353
62.3424544,25.7037778
62.3420703,25.7038181
62.3376936,25.7029036
62.3371097,25.7026365
62.3224044,25.6982261
62.3186969,25.699198
62.3183499,25.6993412
62.3139929,25.7020204
62.3071725,25.7092535
62.3008302,25.7144077
62.3005482,25.7145217
62.2924468,25.7186714
62.2903901,25.7200537
62.2721974,25.7297479
62.2712342,25.7299966
62.2709362,25.7300733
62.268574,25.730695
62.2656302,25.7329729
62.2632543,25.7370879
62.2631579,25.7372687
62.2603876,25.7456161
62.2603389,25.745889
62.260114,25.7474289
62.2596996,25.7503221
62.2595447,25.751034
62.2574355,25.7551691
62.2569433,25.7556089
62.256632,25.754956
62.2561955,25.7538411
62.25535,25.751308
62.2551299,25.7510003
62.2548108,25.7506844
62.2547272,25.7506211
62.2537502,25.7502273
62.253179,25.7499179
62.2526899,25.7489632
62.2526188,25.7487997
62.2525476,25.7488848
62.2521778,25.749267
62.2519957,25.7493741
62.2519554,25.7493767
62.2517315,25.749393
62.2511859,25.7494464
62.2509827,25.7494675
62.2508723,25.7494809
62.2502794,25.7495613
62.2499219,25.7496091
62.2488897,25.7497268
62.2482597,25.7498133
62.2477732,25.7498819
62.2471262,25.7499677
62.2465326,25.7500612
62.245946,25.750051
62.2458447,25.750063
62.2458477,25.750234
62.245594,25.7514128
62.2450705,25.7526287
62.2443734,25.7543122
62.2440603,25.7542628
62.2439478,25.7540948
62.243933,25.7540701
62.2434849,25.7531667
62.2431802,25.7525663
62.2427974,25.7518099
62.2426077,25.7514213
62.2425252,25.7512667
62.2424798,25.7511816
62.2423162,25.7508629
62.2421815,25.7506026
62.2421341,25.7505088
62.242069,25.7503819
62.2420077,25.7502623
62.2417213,25.7496786
62.2416706,25.7495806
