59.9134523,10.738421
59.9138057,10.7388189
59.9139008,10.7389233
59.9143195,10.7393944
59.914861,10.7399842
59.9149148,10.7400543
59.9148648,10.7402158
59.9147883,10.7404685
59.9146872,10.7408004
59.9146271,10.7409833
59.9144419,10.7414947
59.9144313,10.7415194
59.9143345,10.7417579
59.9140948,10.7424646
59.9140357,10.7426391
59.9139925,10.7427655
59.9136553,10.7437353
59.9135718,10.7439532
59.9133988,10.7443884
59.9132268,10.7448416
59.9131931,10.74493
59.912723,10.7461538
59.9128785,10.7474638
59.9128159,10.7477307
59.9129494,10.748177
59.9131852,10.7489735
59.9133546,10.7495377
59.913404,10.749702
59.9134739,10.7499375
59.9135454,10.7501549
59.9135557,10.7501807
59.9133879,10.7503743
59.9133015,10.7504738
59.9127813,10.751069
59.9123137,10.7507758
59.9122437,10.750631
59.9121728,10.7504843
59.9121554,10.7507842
59.9121184,10.7515615
59.9120956,10.7520254
59.9120888,10.7521887
59.912085,10.752268
59.9121109,10.7537906
59.9120938,10.7538538
59.9120957,10.7540184
59.9118955,10.7551884
59.91179,10.7558072
59.9117397,10.756044
59.9116218,10.7568255
59.9114128,10.7582175
59.9113685,10.7584505
59.9112942,10.758961
59.911227,10.7594089
59.9111481,10.7599501
59.9110552,10.7603631
59.9110042,10.7604893
59.9110144,10.7606619
59.9109645,10.7609049
59.9108516,10.7612789
59.9108035,10.7614438
59.9104855,10.7624521
59.9099699,10.764091
59.9099213,10.7642495
59.9094675,10.7657107
59.9092507,10.7661182
59.9091235,10.7666893
59.9087116,10.7680104
59.9086752,10.768156
59.9085674,10.7680922
59.9083745,10.7679799
59.908299,10.7679367
59.9080852,10.7678203
59.9078057,10.7678106
59.9075117,10.7678663
59.9074896,10.7683168
59.9071347,10.7704088
59.9068118,10.7721605
59.9063151,10.7718915
59.9063532,10.77226
59.9063441,10.7738856
59.9063053,10.774595
59.9062927,10.7748568
59.9062651,10.7754123
59.9062433,10.7758865
59.906229,10.7762286
59.9062267,10.776277
59.9061331,10.7766519
59.9060829,10.7769503
59.9059604,10.7785617
59.9056572,10.7801692
59.9054259,10.7807991
59.9053539,10.7809784
59.9049629,10.7833015
59.9048346,10.7837364
59.9047526,10.7838914
59.9045785,10.7841106
59.9036275,10.7835058
59.9034698,10.7832805
59.9034281,10.7831838
59.9033966,10.783168
59.9033339,10.7832204
59.9033193,10.7833888
59.9032759,10.7837472
59.9032922,10.7841439
59.9033741,10.7843524
59.9035221,10.7844434
59.9046126,10.7847658
59.9049546,10.7851548
59.9053879,10.7856978
59.9098679,10.7933613
59.9099034,10.7933562
59.9108612,10.7941028
59.9112822,10.7952948
59.9121125,10.7978529
59.9129293,10.8005829
59.9138687,10.8036239
59.9144865,10.8049065
59.9166661,10.809488
59.9172015,10.8107713
59.9174855,10.8116424
59.917544,10.8118516
59.9184542,10.8153045
59.9187582,10.8164438
59.9189673,10.8172071
59.919082,10.8176081
59.9191044,10.8176822
59.9192545,10.8181787
59.9200021,10.8206158
59.9214049,10.8244764
59.9228563,10.8282745
59.9234611,10.8315274
59.9235737,10.8335461
59.923593,10.835419
59.9236542,10.8414738
59.9242561,10.8462818
59.925772,10.8532308
59.9260909,10.8552314
59.9266465,10.8581039
59.9271746,10.8600186
59.9306967,10.8671273
59.931617,10.8690287
59.9321619,10.8705567
59.9323932,10.8713426
59.9327972,10.8728834
59.9346684,10.8801889
59.9353413,10.8828143
59.9355787,10.8837264
59.9379977,10.8931096
59.9389215,10.8975152
59.9393571,10.9006202
59.9394235,10.9012843
59.9395091,10.9053077
59.9395172,10.9131917
59.9396251,10.913919
59.9399686,10.9163203
59.9397614,10.922965
59.9396007,10.9246795
59.9395031,10.9255596
59.9392637,10.9282228
59.9392459,10.9294542
59.9402309,10.9347567
59.9405162,10.9353899
59.9411575,10.936481
59.9427257,10.9379502
59.9434436,10.9383708
59.944062,10.9387163
59.9448899,10.9392242
59.9457089,10.939902
59.946276,10.94061
59.9478597,10.9448746
59.9482031,10.9469102
59.9482126,10.9469579
59.9483206,10.9475333
59.9485334,10.9485735
59.949324,10.9512567
59.9501943,10.9532047
59.9505429,10.9538134
59.969439,10.9891167
59.9697797,10.9893043
59.9723823,10.9904977
59.9735238,10.9910014
59.9739515,10.9911935
59.9749742,10.9916957
59.9753652,10.9919041
59.9759831,10.9922428
59.9765863,10.992606
59.9769906,10.9928613
59.9779178,10.9934858
59.9799481,10.9952598
59.9809626,10.9964156
59.9816819,10.997438
59.9827473,10.9992642
59.9856831,11.0100341
59.9858796,11.0123824
59.9891217,11.0284097
59.9894659,11.0289106
59.9949781,11.0351386
59.9956451,11.0361743
59.9983073,11.0412617
59.998472,11.0415626
59.9986834,11.0419511
59.9999021,11.0437596
60.0136416,11.0646882
60.0192031,11.0680665
60.0297015,11.0968527
60.0312339,11.0985827
60.0331938,11.1003648
60.0375061,11.1078311
60.0393667,11.1126156
60.0469554,11.1319443
60.0489603,11.1359236
60.0754675,11.1521817
60.0836365,11.1490612
60.1301889,11.1630098
60.1336483,11.1589551
60.14958,11.1493716
60.1527559,11.1492388
60.1615111,11.1555621
60.1631338,11.1572472
60.1647305,11.158911
60.1650444,11.1592329
60.1667407,11.1609162
60.1672458,11.1613972
60.1686688,11.1626391
60.1844522,11.1804525
60.1853202,11.1823114
60.1892981,11.1878163
60.1898072,11.1882561
60.1910032,11.1890867
60.2233115,11.1774098
60.2236588,11.1771266
60.2273398,11.1743242
60.2282925,11.1738934
60.2305317,11.1734269
60.2309378,11.173418
60.2333148,11.1738881
60.2349526,11.1747479
60.2397919,11.1786669
60.2406799,11.1794134
60.2478258,11.1830356
60.2511532,11.1825366
60.2522631,11.182049
60.2524927,11.181947
60.2560227,11.1792953
60.2574259,11.1779935
60.2851349,11.1362835
60.2864939,11.134744
60.2877202,11.133943
60.2904669,11.1337711
60.2919806,11.1345967
60.3087606,11.1415517
60.3154749,11.1485211
60.3172206,11.1515148
60.3187053,11.1548133
60.3194456,11.1577274
60.3196991,11.1593604
60.3260275,11.1818334
60.3263034,11.1824435
60.328164,11.1864772
60.3292531,11.1881085
60.3331318,11.1914241
60.333713,11.1920066
60.337216,11.1970846
60.3460516,11.2085602
60.3478781,11.2088917
60.3742482,11.2068724
60.3771226,11.2082023
60.3839345,11.2114867
60.384769,11.2119378
60.3873468,11.2137733
60.3912401,11.2180286
60.3975157,11.2298284
60.40143,11.2353627
60.4024352,11.2361829
60.4032575,11.2367205
60.4103138,11.2397972
60.416906,11.2411224
60.4175973,11.2410359
60.4310433,11.2409092
60.4332749,11.2408743
60.438941,11.24205
60.4412189,11.2421705
60.4623898,11.2440547
60.4638364,11.2448945
60.4839478,11.2388931
60.4851194,11.2376808
60.4989588,11.2384602
60.4994175,11.2385757
60.504104,11.2402082
60.5045189,11.2405968
60.5116569,11.2435681
60.5125127,11.2437993
60.5165132,11.2436834
60.5180209,11.2431332
60.5252895,11.2427257
60.5263519,11.2428546
60.5318638,11.2435305
60.533231,11.2437017
60.546286,11.2474387
60.5593144,11.253473
60.5603317,11.2540572
60.5627596,11.2554185
60.5636415,11.2559429
60.5658749,11.2577668
60.5667301,11.2586691
60.5731203,11.2665612
60.5744636,11.2692051
60.5795243,11.2761896
60.580194,11.2768077
60.5812451,11.2776712
60.5943083,11.2979827
60.5951171,11.299241
60.5985306,11.3040277
60.5999421,11.3059591
60.6075389,11.3096444
60.6077869,11.3095366
60.622192,11.2994076
60.6225748,11.2993807
60.6294857,11.2999005
60.6306176,11.2999118
60.6346803,11.2993028
60.6358142,11.2989639
60.637279,11.2984603
60.6505183,11.2924269
60.6507638,11.2923281
60.6754841,11.2867649
60.6767306,11.2862886
60.6805695,11.2848067
60.6824505,11.2840808
60.6885186,11.2807718
60.6894636,11.280025
60.6932467,11.277278
60.6962577,11.2765809
60.6977274,11.2763691
60.6986587,11.2760867
60.6988806,11.275989
60.7004667,11.2749354
60.7012941,11.2740987
60.7030785,11.273701
60.7045704,11.2753484
60.7049188,11.2759664
60.7055409,11.2769287
60.7080731,11.2789437
60.7091232,11.2795882
60.7109918,11.2807362
60.711683,11.2811512
60.7124769,11.2816421
60.713127,11.2820771
60.7136871,11.2825104
60.7140933,11.2828394
60.7148295,11.2835092
60.7154604,11.2840857
60.7159813,11.2845817
60.718766,11.2872242
60.728401,11.2925023
60.7291748,11.2930898
60.7305019,11.2944091
60.730656,11.2945669
60.7321411,11.296088
60.7324599,11.2964061
60.7367373,11.2998098
60.7368581,11.299843
60.7517858,11.3018203
60.7519831,11.301921
60.7541281,11.3032284
60.7571072,11.3051571
60.7572113,11.3052229
60.7657829,11.3100561
60.7810035,11.307176
60.7838448,11.3059281
60.7845621,11.3051744
60.7850735,11.3045856
60.7855002,11.3040945
60.7884291,11.3007213
60.7887472,11.3003594
60.7889271,11.3001496
60.7891081,11.2999385
60.7894981,11.2994939
60.7901224,11.2987791
60.79083,11.2979639
60.7979199,11.2925196
60.7988696,11.2922043
60.7993042,11.2920346
60.8004648,11.2915761
60.8024965,11.2905669
60.803145,11.2901998
60.8254369,11.2925545
60.8261956,11.2926565
60.828812,11.292966
60.8290843,11.2929969
60.8330814,11.2939091
60.8351954,11.296358
60.8353545,11.2966496
60.836945,11.3014024
60.8371995,11.3027735
60.8453756,11.3593366
60.8455564,11.3598202
60.8475148,11.365422
60.8497386,11.3746942
60.8506446,11.3788878
60.8530987,11.3898343
60.8532561,11.3904163
60.8601277,11.4120486
60.8605414,11.4134745
60.8714522,11.4423714
60.8717767,11.442761
60.8750568,11.4471488
60.8754217,11.4478647
60.877924,11.455918
60.8803817,11.4699808
60.8805612,11.4710033
60.8834763,11.4959197
60.8836211,11.4968222
60.884839,11.5017868
60.8858616,11.5044425
60.886561,11.505865
60.886642,11.506013
60.887042,11.506707
60.887477,11.507956
60.8875034,11.5084303
60.887686,11.5086073
60.8878947,11.5082728
60.888936,11.507501
60.8894913,11.5072672
60.907745,11.50858
60.907817,11.508619
60.90888,11.509164
60.917425,11.50943
60.927393,11.507127
60.927671,11.507017
60.941489,11.4999576
60.9418477,11.4996351
60.9508388,11.4923895
60.9512171,11.4922472
60.9535301,11.4915281
60.955643,11.49092
60.9562833,11.490726
60.957504,11.490259
60.957968,11.490118
60.96448,11.485313
60.9674005,11.4823595
60.968199,11.481738
60.97108,11.478312
60.973034,11.474653
60.973275,11.474023
60.973433,11.473558
60.97466,11.469872
60.976836,11.46503
60.978414,11.46214
60.978615,11.461766
60.978764,11.461488
60.979259,11.460573
60.979578,11.46092
60.980067,11.460748
60.980717,11.46034
60.982714,11.458941
60.983716,11.458002
60.983959,11.457521
60.988474,11.445372
60.98959,11.441734
60.990424,11.438631
60.994154,11.429545
60.994595,11.42802
61.006491,11.407016
61.007462,11.405371
61.007716,11.404923
61.009369,11.401279
61.009305,11.400798
61.011422,11.398468
61.011917,11.397823
61.013189,11.396142
61.015447,11.39319
61.015861,11.392643
61.015935,11.392549
61.018776,11.3888329
61.0196324,11.3878025
61.023873,11.384112
61.024175,11.383861
61.0289945,11.3797666
61.029305,11.379504
61.0303278,11.3786338
61.0361882,11.3738693
61.0384574,11.3729594
61.0438906,11.3669629
61.044056,11.3667253
61.050092,11.3577043
61.0524778,11.3543934
61.0574834,11.3511736
61.0586722,11.351181
61.0613647,11.3512547
61.061497,11.3512091
61.062288,11.3507959
61.063143,11.350239
61.063655,11.349981
61.0643742,11.349522
61.07613,11.346728
61.076968,11.34622
61.084737,11.351189
61.084809,11.351247
61.097855,11.358939
61.0986074,11.3591734
61.1069294,11.362278
61.1071774,11.3622883
61.1153597,11.3655885
61.1161444,11.3654052
61.11705,11.365001
61.1178003,11.3646993
61.1203541,11.3631664
61.1213773,11.363084
61.1275519,11.3630257
61.1292134,11.3647189
61.1305655,11.3664736
61.1309236,11.3668236
61.1312143,11.3670738
61.1311892,11.3672815
61.1311129,11.367884
61.1309324,11.3694018
61.1307523,11.3707758
61.1305911,11.3724034
61.1307286,11.3743202
61.1309414,11.3750368
61.1324014,11.3776378
61.1329329,11.3794986
61.133063,11.3828478
61.1336361,11.3847171
61.1340847,11.3854613
61.1358018,11.3888803
61.1361411,11.3895999
61.1370303,11.390792
61.137092,11.39088
61.137401,11.391352
61.1374552,11.3914408
61.1547698,11.4271153
61.1582671,11.4324057
61.1584025,11.4326758
61.1593308,11.4352543
61.1593469,11.4353529
61.1596188,11.4370237
61.1599334,11.440045
61.1600112,11.4415653
61.1600694,11.4426897
61.1600909,11.4436788
61.1600957,11.444986
61.1600981,11.4453557
61.1601042,11.4458511
61.1601143,11.4461842
61.1606419,11.4517061
61.1606646,11.4519312
61.160768,11.452818
61.1610108,11.454411
61.1613477,11.4558093
61.1614225,11.4560742
61.1622024,11.4582388
61.1623602,11.4585677
61.1635087,11.4608041
61.1640365,11.4618792
61.1645695,11.4629841
61.164722,11.4633167
61.165133,11.4641905
61.1680662,11.470029
61.1694479,11.4732118
61.173748,11.4836034
61.1756027,11.4848036
61.176433,11.4851131
61.1784871,11.4855151
61.1793746,11.4858499
61.1817194,11.4874165
61.1821709,11.487705
61.184343,11.48909
61.185252,11.4896255
61.1884598,11.4929733
61.1891219,11.4934805
61.1921751,11.4963063
61.1950818,11.4961861
61.1957021,11.4962643
61.1981642,11.4974022
61.1984313,11.4975457
61.1992255,11.4977815
61.1999249,11.4974747
61.2002591,11.4971935
61.201061,11.4965493
61.2014324,11.4962435
61.2064559,11.4924657
61.2084581,11.49239
61.2101691,11.4933728
61.2126295,11.4964102
61.2147989,11.4976259
61.2191858,11.4991767
61.2196689,11.499331
61.2209467,11.4998395
61.2220762,11.5002629
61.2241814,11.5010834
61.2276581,11.5014574
61.230815,11.5004819
61.2338482,11.5001763
61.2394153,11.4994432
61.2404732,11.4991725
61.2422366,11.4984501
61.2438951,11.4968762
61.244158,11.4966184
61.2451897,11.4956203
61.2466634,11.4942101
61.24752,11.4933834
61.2482551,11.4927232
61.2487012,11.4924253
61.2502837,11.4918347
61.2531431,11.4911686
61.2558034,11.490519
61.2561346,11.4904335
61.2697392,11.4822444
61.2753635,11.4775538
61.2807592,11.4738246
61.2855202,11.4699015
61.285958,11.469464
61.2910924,11.465379
61.2922875,11.4645121
61.2936623,11.4634363
61.2938526,11.4632458
61.2951898,11.4621153
61.2971779,11.4606431
61.297945,11.4599256
61.3005705,11.4581023
61.300647,11.4580376
61.3008124,11.4578993
61.3009193,11.4577982
61.301007,11.4577062
61.3012248,11.4574492
61.3014957,11.4570524
61.3029837,11.4546027
61.3034256,11.4539043
61.3048633,11.4515591
61.3052063,11.4510008
61.3060482,11.4496889
61.3067566,11.4489434
61.3074506,11.4482313
61.3083414,11.4473118
61.3088348,11.4468672
61.3098922,11.4464208
61.31002,11.446388
61.3192563,11.4400586
61.3208796,11.4377614
61.321182,11.437449
61.3214637,11.4371547
61.3225492,11.4359788
61.3231647,11.4352317
61.3259919,11.4309195
61.329805,11.4249773
61.3322423,11.4210575
61.3349384,11.4156446
61.3356747,11.414787
61.3489443,11.3953326
61.3592301,11.3837559
61.3629547,11.3796055
61.363509,11.3788205
61.3679789,11.3755429
61.3692474,11.3748154
61.3693748,11.3747403
61.3698402,11.3744677
61.3699348,11.3744083
61.3816939,11.3699778
61.3848029,11.372488
61.389112,11.3720678
61.3902951,11.3716438
61.3923257,11.371558
61.3939238,11.3717679
61.3949824,11.3714063
61.3957322,11.3706976
61.3958061,11.3706366
61.397979,11.3682061
61.3980302,11.3681383
61.4008729,11.3648141
61.4030096,11.3623102
61.4041461,11.3609669
61.4045883,11.3604645
61.405803,11.35906
61.4058891,11.3589506
61.4074266,11.3575603
61.40754,11.3574676
61.4076737,11.3573542
61.4136932,11.3525008
61.4144058,11.3520613
61.417229,11.3515667
61.4180951,11.3514914
61.4199466,11.3514307
61.4223287,11.3518182
61.4253736,11.3493405
61.4277708,11.3488754
61.4281802,11.3491827
61.4305096,11.3489802
61.4335257,11.3456546
61.4338903,11.3452882
61.434589,11.3445774
61.4350706,11.3440704
61.4357493,11.3433623
61.4380321,11.3416256
61.4389255,11.3409457
61.4397914,11.3401923
61.442531,11.3377257
61.4443061,11.3363396
61.4467931,11.3348311
61.4497547,11.3334677
61.4519457,11.332608
61.4556178,11.3313286
61.4564021,11.3310457
61.4580059,11.330127
61.4590952,11.3289253
61.4597603,11.328282
61.4605745,11.3278799
61.4610444,11.3276754
61.4612519,11.327588
61.4613564,11.3275455
61.4617274,11.3273925
61.462531,11.3270885
61.4632269,11.3268092
61.4641331,11.3262163
61.4649653,11.3252936
61.4659919,11.3239852
61.4666858,11.323114
61.468536,11.320758
61.4719069,11.3164761
61.4726194,11.3155714
61.4732509,11.3148344
61.4778747,11.3096027
61.4781855,11.3092192
61.4782658,11.3091056
61.4792057,11.3078103
61.4826199,11.3016627
61.4903865,11.287971
61.4970143,11.2782613
61.4974109,11.2778691
61.4978976,11.2775454
61.5034058,11.2714148
61.5142047,11.2513693
61.522342,11.2407209
61.5246254,11.238502
61.5353564,11.2313857
61.5355274,11.2313077
61.5380112,11.2293939
61.5388105,11.2284622
61.5530913,11.2254424
61.5534885,11.225311
61.5549184,11.2252108
61.5608719,11.224192
61.5676073,11.226498
61.5682047,11.2263469
61.5777992,11.2334596
61.5781064,11.2337786
61.5855062,11.24031
61.592033,11.2387402
61.6018233,11.234462
61.6022971,11.2345648
61.6045422,11.2345636
61.6063259,11.2333786
61.611168,11.2336542
61.6172417,11.2319204
61.6195001,11.2286992
61.6212262,11.2256427
61.6398069,11.2173924
61.6577166,11.2186101
61.6601272,11.2194577
61.6603716,11.2197251
61.6609628,11.2203079
61.661241,11.2204622
61.6643691,11.2202878
61.6654388,11.2198419
61.6655728,11.2197554
61.6659413,11.2195194
61.6668929,11.2192538
61.6675204,11.2189058
61.6693528,11.2182574
61.6712646,11.2174487
61.6721376,11.2180591
61.6734588,11.2178886
61.6736147,11.217735
61.6756943,11.2168502
61.6765809,11.216793
61.6774516,11.2168466
61.6786115,11.217548
61.6795261,11.2175517
61.6803384,11.2177552
61.6809037,11.2179715
61.6815738,11.2182132
61.6827662,11.218071
61.6844186,11.2177719
61.6857385,11.2175976
61.6860539,11.2176358
61.6876067,11.2179167
61.6881607,11.2178798
61.6885709,11.2178403
61.6896741,11.2179449
61.6918499,11.2165224
61.6923675,11.2160868
61.6948589,11.2144721
61.6951157,11.2144098
61.6953704,11.2143487
61.6959459,11.2141705
61.6958884,11.2132571
61.6957946,11.2117658
61.695643,11.2094076
61.6956067,11.2087167
61.6956054,11.2086658
61.6956611,11.2068726
61.6957817,11.204356
61.695826,11.2034572
61.6958609,11.2025708
61.6959253,11.1996929
61.6959501,11.197948
61.6959504,11.1976969
61.6959534,11.1966627
61.6960103,11.19627
61.6962291,11.1965488
61.696252,11.1965766
61.7001176,11.1972903
61.7006306,11.1973231
61.7009036,11.1973652
61.7020021,11.1976767
61.7023337,11.1978036
61.7029371,11.1979948
61.7042561,11.1980277
61.7042973,11.1980235
61.7056934,11.1978378
61.710937,11.1962869
61.7146211,11.1961091
61.7177663,11.1963234
61.7196817,11.1974059
61.7197746,11.1974818
61.720583,11.1982176
61.7206251,11.1982588
61.7214395,11.1990417
61.7218827,11.1994553
61.7220487,11.1996049
61.7232573,11.2005776
61.7243158,11.20111
61.7255804,11.2015099
61.7285978,11.201637
61.7318422,11.2013663
61.732405,11.2012238
61.7328029,11.2010722
61.7340323,11.2004067
61.7347937,11.2001579
61.7395908,11.1979228
61.7413527,11.1970609
61.7416532,11.1967377
61.7421762,11.1961977
61.7431793,11.1949958
61.744237,11.1936771
61.7443373,11.1935711
61.745132,11.1930207
61.7480606,11.1886375
61.7490478,11.1872353
61.7491509,11.1870208
61.7494966,11.1863006
61.7510408,11.1830575
61.7525142,11.1806372
61.7526881,11.1804022
61.7539081,11.1792816
61.7544591,11.1787871
61.754935,11.1783643
61.7554417,11.1778946
61.7555563,11.1777685
61.7555556,11.1777642
61.7560339,11.1772924
61.7565461,11.1767723
61.7566579,11.1766656
61.7577553,11.1755581
61.7585472,11.1741508
61.7586257,11.1740002
61.7596632,11.1720536
61.7598916,11.1716313
61.7599138,11.1715879
61.7600327,11.1713601
61.7605772,11.1703387
61.7606154,11.1702699
61.760698,11.1701111
61.7610804,11.1693968
61.7617924,11.1680198
61.7654346,11.1591775
61.7657934,11.1588594
61.7658516,11.1587969
61.766114,11.1584815
61.7663797,11.1580839
61.7666087,11.1577341
61.7681835,11.1547001
61.7689973,11.1536921
61.7705515,11.1512206
61.7712012,11.1502611
61.7716429,11.1498068
61.772577,11.148963
61.772641,11.1489248
61.7726866,11.1489024
61.773591,11.1486366
61.7743913,11.1479025
61.7747375,11.14744
61.7748661,11.1472858
61.7766739,11.1455151
61.7767849,11.1454025
61.7768628,11.1453197
61.777278,11.1448943
61.7779398,11.1441928
61.7793329,11.142835
61.7809988,11.1416869
61.7811775,11.1415652
61.7813199,11.1414628
61.7833487,11.1396238
61.7859545,11.1382253
61.7862974,11.1381745
61.7870547,11.1378069
61.7870743,11.1377836
61.7873682,11.1373379
61.7887228,11.1360487
61.788875,11.1360255
61.7896743,11.1358695
61.7914844,11.1350241
61.7919078,11.1348404
61.7924657,11.1344833
61.792958,11.1339393
61.7933559,11.1334857
61.7939451,11.1329578
61.7943266,11.1327199
61.7952376,11.1323868
61.7982026,11.1320611
61.7983002,11.1320469
61.7988003,11.1319934
61.7989356,11.1319802
61.7989795,11.1319766
61.7990595,11.1319678
61.8003757,11.1318293
61.8008705,11.1317727
61.8045924,11.1301205
61.8059433,11.1288106
61.8063273,11.1284933
61.8072043,11.1278897
61.8094132,11.1264715
61.8151624,11.1227721
61.8199264,11.1215283
61.8212617,11.1213558
61.8270028,11.1194611
61.8284507,11.1190746
61.8290624,11.1186981
61.8375918,11.1149385
61.8418073,11.1124991
61.844741,11.1098979
61.8482333,11.1079422
61.8484822,11.1078202
61.8485267,11.1077984
61.8512559,11.1064151
61.8542484,11.104763
61.8561782,11.1040034
61.8562777,11.1039547
61.8569249,11.1036608
61.8574658,11.1035578
61.8580113,11.1035551
61.8596925,11.102523
61.8605729,11.1018008
61.8621842,11.1007521
61.8639138,11.0991061
61.8668031,11.0974612
61.8682121,11.0963645
61.86888,11.095832
61.8697808,11.0951099
61.8715398,11.0940633
61.8730652,11.0916556
61.8732514,11.0915129
61.8732833,11.0914891
61.8747705,11.0903804
61.8755168,11.0894702
61.8756779,11.0892093
61.8768101,11.0868774
61.8781805,11.0851923
61.8793703,11.0841924
61.879726,11.0838808
61.8805773,11.0830531
61.8808121,11.0827249
61.8832636,11.0801545
61.8838706,11.0800387
61.8842129,11.0794635
61.8849068,11.0775101
61.8852794,11.0773385
61.8859548,11.0776348
61.8859859,11.0776537
61.8865811,11.0777869
61.8886562,11.0779019
61.8892692,11.0780577
61.8909598,11.0778669
61.8912462,11.0777437
61.891284,11.0777271
61.8917879,11.0774625
61.8920663,11.0772668
61.8926629,11.0767716
61.8934282,11.0761932
61.8936118,11.0760513
61.8940501,11.0757265
61.8940958,11.0756882
61.8947203,11.0752424
61.895822,11.075263
61.8964944,11.0754225
61.8968907,11.0755146
61.897679,11.075664
61.8990442,11.0751297
61.8994168,11.074737
61.8996557,11.0744556
61.9005475,11.0732581
61.9009994,11.0718338
61.9024713,11.0682755
61.9031051,11.0674833
61.9033108,11.0671697
61.9037072,11.0665663
61.9059173,11.0636809
61.9067294,11.0628719
61.9077673,11.0618253
61.9084911,11.0610192
61.9085126,11.060986
61.9101431,11.0592954
61.911732,11.058976
61.9129043,11.0581879
61.9169854,11.0572269
61.9182984,11.057376
61.9187086,11.0574184
61.9191049,11.0575084
61.9207272,11.0578571
61.9216952,11.057815
61.9221957,11.0577905
61.9233665,11.0577634
61.9234887,11.0577629
61.9260621,11.0572935
61.9261282,11.0572774
61.9265366,11.0571957
61.927656,11.0569173
61.9279279,11.0568423
61.9280928,11.0567969
61.929266,11.0564586
61.9304559,11.0561188
61.9308912,11.0559903
61.9317229,11.0557536
61.9324266,11.0555565
61.9325958,11.0555042
61.9329927,11.0552068
61.9336949,11.0524102
61.9338325,11.0508921
61.9380268,11.0340062
61.939872,11.027486
61.940568,11.0242428
61.9406997,11.0231375
61.9423633,11.0155114
61.9443096,11.0102535
61.9457127,11.0084993
61.9521051,11.0010718
61.9531553,10.9985638
61.9531838,10.9984892
61.9539185,10.9966655
61.9567854,10.9885828
61.9625835,10.9813357
61.9625983,10.9813174
61.9665234,10.9783754
61.9714457,10.9732966
61.9715144,10.9732725
61.9716625,10.9732591
61.9833867,10.9685137
61.9862125,10.9669627
61.9914008,10.9620006
62.0132165,10.9345838
62.0152486,10.932893
62.0170985,10.9311929
62.0174069,10.9309145
62.0176489,10.9306925
62.0226508,10.9259329
62.0244313,10.9239762
62.0258186,10.922513
62.0275838,10.9200964
62.0279557,10.9193281
62.0280725,10.919
62.0281592,10.918723
62.029358,10.915114
62.0495806,10.8718061
62.0666557,10.8560526
62.0745483,10.8513857
62.0782422,10.8439539
62.0797003,10.8400081
62.0860287,10.8307048
62.08995,10.8278538
62.0933585,10.8231077
62.0940614,10.8224489
62.0958033,10.8217028
62.0969537,10.8207712
62.0975279,10.8201077
62.0986349,10.8188116
62.1007633,10.816937
62.1018304,10.8161471
62.1031173,10.81527
62.1038179,10.8147942
62.1039664,10.8146915
62.1052144,10.8137538
62.1058028,10.8131435
62.1071229,10.8116938
62.1079936,10.8107442
62.1087085,10.8099542
62.1088579,10.809789
62.1095561,10.8090174
62.1103299,10.8081489
62.112194,10.8057839
62.1129086,10.8041127
62.1163695,10.8018866
62.1165817,10.801809
62.1166558,10.8017819
62.1168083,10.8017261
62.1174754,10.8014958
62.1175424,10.8014729
62.1175832,10.8014589
62.1177356,10.8014072
62.117802,10.8013826
62.1178204,10.8013758
62.1190173,10.80087
62.1194238,10.8006644
62.1205118,10.8000559
62.1235611,10.7989531
62.1238652,10.7988598
62.124604,10.7986374
62.1262156,10.7981346
62.127954,10.7975878
62.128091,10.7975469
62.1292134,10.7972656
62.1311924,10.797282
62.1328605,10.7973
62.133431,10.797305
62.1337035,10.7973077
62.134449,10.797042
62.1354707,10.7962473
62.1362765,10.7956005
62.1373111,10.7946751
62.1375241,10.794447
62.1375694,10.7943974
62.1377123,10.7942356
62.1379935,10.7939134
62.138967,10.792636
62.1405179,10.790508
62.1406554,10.7903256
62.1416873,10.788896
62.1422711,10.7881092
62.1435367,10.7864352
62.1487027,10.784486
62.1490831,10.7843403
62.1524473,10.7833013
62.154529,10.782617
62.1569329,10.7806239
62.1585756,10.7792591
62.1618757,10.7769741
62.1619653,10.7769198
62.1620426,10.7768742
62.1636901,10.7758449
62.1658735,10.7732539
62.1664494,10.7723629
62.1681065,10.7700661
62.168781,10.769456
62.1697582,10.7685793
62.170388,10.768257
62.170906,10.7681019
62.1730898,10.7673087
62.178867,10.769436
62.1913593,10.766973
62.1920345,10.7663566
62.195493,10.763996
62.197667,10.762639
62.200481,10.762141
62.2042215,10.7638468
62.204521,10.764257
62.2051497,10.7650987
62.2079635,10.7643975
62.2113147,10.7603164
62.2119808,10.7603754
62.2120942,10.7603891
62.2142926,10.7589475
62.2154625,10.7572488
62.2165675,10.7550464
62.2199118,10.7470232
62.221555,10.744138
62.222073,10.741576
62.222164,10.741049
62.2222529,10.7406027
62.2223036,10.7403676
62.2227064,10.7389657
62.2233594,10.7373195
62.2242995,10.7350468
62.2272432,10.7277042
62.2348945,10.7263945
62.236471,10.7278
62.2387251,10.7293802
62.2392734,10.7305546
62.24137,10.7336433
62.2435944,10.7322075
62.2453373,10.7329028
62.2461513,10.7355916
62.2465035,10.7443083
62.2467419,10.7455156
62.2468663,10.7459674
62.2487829,10.7505997
62.2492245,10.7510527
62.2495942,10.751326
62.2498272,10.7514663
62.2596823,10.7618591
62.2619915,10.7653758
62.2623008,10.7659508
62.2630182,10.7671058
62.2681027,10.768633
62.2684752,10.7688779
62.2698422,10.7704268
62.2701783,10.7708365
62.2705332,10.7712768
62.2707008,10.7716367
62.2707202,10.7718119
62.2708276,10.771928
62.2708635,10.7719118
62.2709412,10.7717015
62.2709321,10.7715643
62.271146,10.77101
62.2717419,10.7704019
62.2719356,10.7701614
62.2723175,10.7709918
62.2725481,10.7715566
62.2729658,10.7726505
62.2734891,10.7738639
62.2737028,10.7744175
62.2737755,10.7746411
62.2738607,10.7749245
62.2739475,10.7751844
62.2741818,10.7758257
62.2744611,10.7766039
62.2745937,10.7768987
62.275105,10.7771945
62.2753665,10.7769926
62.2761327,10.7763887
62.2763184,10.7762345
62.2764908,10.7761007
62.2768771,10.7757756
62.277451,10.7753085
62.2778005,10.7750449
62.2780449,10.7750108
62.2780863,10.7750597
62.2782154,10.7749542
62.2782323,10.7748317
62.2784825,10.7744002
62.2790671,10.7736851
62.2794008,10.773256
62.279441,10.7732078
62.2799675,10.7725266
62.2811252,10.7710195
62.2813658,10.7707118
62.2824259,10.7693346
62.2825816,10.7691239
62.2828539,10.768886
62.2829435,10.7688757
62.2830414,10.7685808
62.283022,10.7684138
62.2830574,10.7681057
62.2831322,10.7675128
62.2831749,10.7671155
62.2833111,10.7651288
62.2838823,10.7568272
62.2839158,10.756305
62.2839923,10.7552893
62.2840842,10.754085
62.2842559,10.7522412
62.2858034,10.7485924
62.2879882,10.7458041
62.2883441,10.7452971
62.288902,10.743207
62.2888364,10.7415606
62.2887822,10.7405756
62.288799,10.7392912
62.2888082,10.7390367
62.2889057,10.7384316
62.289984,10.7384312
62.2903969,10.7383056
62.2930996,10.737006
62.293372,10.7367279
62.2935954,10.7365369
62.2961217,10.7362859
62.298182,10.736158
62.3038349,10.7360111
62.3048867,10.7359645
62.3078463,10.7350851
62.308955,10.734452
62.310718,10.734177
62.310849,10.7341812
62.3122665,10.7337412
62.3131947,10.7328658
62.3142939,10.7317156
62.3146629,10.7313371
62.319402,10.7281916
62.3205437,10.7263404
62.323159,10.721726
62.324034,10.7191073
62.3242024,10.718366
62.3312442,10.707127
62.3334621,10.7038657
62.3337673,10.7030632
62.3364536,10.6965127
62.3381633,10.689209
62.338755,10.686983
62.3422007,10.6822984
62.3430133,10.6809331
62.3448988,10.678494
62.34723,10.6774698
62.353415,10.67044
62.3562411,10.6668304
62.3589613,10.6612261
62.3596157,10.6581124
62.3617066,10.6540538
62.3617761,10.6539171
62.3618656,10.6537691
62.3621426,10.6533021
62.3623865,10.6529107
62.3642425,10.6501041
62.363547,10.632422
62.3634198,10.630218
62.363394,10.629665
62.3625425,10.6033315
62.3626267,10.6031077
62.3651404,10.5998846
62.3665029,10.5975796
62.3672736,10.5949936
62.3675296,10.5938145
62.3677621,10.5927046
62.3678116,10.5924588
62.3683678,10.5898053
62.368539,10.588912
62.368783,10.582827
62.3685484,10.580879
62.367362,10.576816
62.3669124,10.5757962
62.3660126,10.572917
62.3657529,10.5667743
62.365817,10.565898
62.3655605,10.5583514
62.3669479,10.5454825
62.367734,10.542653
62.3686748,10.5399764
62.3695317,10.5378938
62.3703821,10.5357067
62.372129,10.530685
62.3741145,10.5233922
62.374661,10.5212531
62.3751178,10.5193114
62.3774595,10.5089027
62.381121,10.495083
62.3835272,10.4861639
62.3840616,10.4821789
62.3904925,10.462678
62.3916492,10.4600233
62.3925969,10.4569998
62.3935661,10.4520198
62.3942481,10.4435734
62.3948198,10.439975
62.3973536,10.4337879
62.3982062,10.4309203
62.3983364,10.4300911
62.4023127,10.4226752
62.4039197,10.4219972
62.4124005,10.4140656
62.413993,10.413682
62.4141154,10.413594
62.4142763,10.4134726
62.4151688,10.4126069
62.4222,10.405619
62.4281712,10.403644
62.430023,10.402707
62.437655,10.400928
62.440059,10.401073
62.4403108,10.4010954
62.440751,10.4010954
62.442858,10.400484
62.44567,10.399348
62.446437,10.399111
62.447271,10.3989735
62.448287,10.398832
62.4494274,10.3986588
62.4520315,10.3979109
62.453947,10.39737
62.456007,10.397426
62.457554,10.3978599
62.458973,10.398289
62.467122,10.397174
62.4730835,10.3933775
62.4751279,10.392656
62.476576,10.392143
62.4787433,10.3907614
62.4791638,10.3904812
62.48012,10.389887
62.482334,10.389565
62.482774,10.38959
62.4840295,10.3896034
62.493177,10.386073
62.493826,10.385757
62.49556,10.384476
62.496278,10.383698
62.4968524,10.382927
62.50291,10.3741876
62.506351,10.375255
62.516887,10.378794
62.522671,10.373913
62.5281835,10.3660636
62.5314308,10.3606861
62.53188,10.360398
62.5340735,10.3587552
62.5382752,10.3545915
62.54225,10.35466
62.5428994,10.3544028
62.54368,10.354037
62.5484108,10.3482712
62.5508269,10.3466716
62.5510824,10.3465505
62.551857,10.346383
62.551967,10.346383
62.5536565,10.3460986
62.5538797,10.3459294
62.55544,10.344155
62.557293,10.342251
62.5577,10.342016
62.5589673,10.3413735
62.559427,10.340923
62.5605194,10.3389934
62.561167,10.337195
62.561769,10.33554
62.5623737,10.3338252
62.5626294,10.3331065
62.562793,10.332651
62.5630938,10.3318029
62.5633326,10.3311231
62.563434,10.330831
62.5639969,10.3291084
62.5645676,10.3264436
62.565743,10.322106
62.566071,10.320837
62.5665819,10.3187095
62.569492,10.310233
62.569969,10.30914
62.570525,10.308132
62.573807,10.304888
62.574284,10.304327
62.5743631,10.3041949
62.5745001,10.3039688
62.574941,10.303067
62.576001,10.300547
62.576562,10.299149
62.579926,10.290931
62.580036,10.290716
62.582302,10.287081
62.58285,10.286512
62.584575,10.285295
62.585778,10.284483
62.587889,10.282174
62.589889,10.279193
62.590434,10.278357
62.592915,10.274328
62.596191,10.26952
62.60036,10.266598
62.601057,10.266148
62.60128,10.265957
62.60507,10.263014
62.608706,10.260083
62.6119368,10.2576424
62.612464,10.257274
62.6153894,10.2555171
62.6163535,10.2549827
62.6166689,10.25481
62.6173151,10.2544282
62.6188786,10.2531332
62.622194,10.248837
62.623868,10.246448
62.626326,10.242954
62.6269318,10.242224
62.6347683,10.2291922
62.636492,10.225788
62.636708,10.225238
62.6372473,10.2237708
62.637576,10.222801
62.638564,10.219289
62.638704,10.218615
62.63956,10.213922
62.639608,10.21374
62.640394,10.209308
62.640912,10.206451
62.641226,10.204896
62.642448,10.200858
62.643795,10.19785
62.646395,10.193284
62.651446,10.187014
62.652695,10.184956
62.658407,10.171881
62.66905,10.152699
62.669555,10.152063
62.672136,10.149968
62.6739819,10.1476054
62.6745801,10.1469223
62.6747642,10.1467661
62.6755902,10.1463492
62.676043,10.146303
62.6762036,10.1463049
62.6767766,10.1463275
62.6798496,10.144984
62.6897015,10.1408588
62.6925569,10.1396994
62.6935391,10.1390786
62.6962424,10.13706
62.6965441,10.1370921
62.6976678,10.1368332
62.6991094,10.1350003
62.6994704,10.1342917
62.6999856,10.1334915
62.7013957,10.1321803
62.7014979,10.1319643
62.7017327,10.1313028
62.7019771,10.1299566
62.7020022,10.1296933
62.7069219,10.0930858
62.7072765,10.091516
62.7077774,10.0874832
62.7080748,10.0855741
62.710486,10.067594
62.710517,10.0673971
62.7106751,10.0635768
62.7108648,10.0592879
62.7115796,10.0562102
62.7140601,10.0465727
62.7142682,10.0459143
62.7147211,10.0447514
62.7148559,10.0438317
62.715618,10.0404651
62.7158595,10.0398312
62.7165235,10.0383448
62.7168143,10.0367668
62.7169188,10.0360199
62.7182455,10.0321972
62.7189276,10.0305883
62.7195727,10.0280225
62.7195815,10.0279923
62.7199685,10.0269168
62.7214185,10.0241924
62.721771,10.0233625
62.7225116,10.0210806
62.7235492,10.0175721
62.7238905,10.0162063
62.7249488,10.0133443
62.7272364,10.0081329
62.7295834,10.0029498
62.7296961,10.0027749
62.730947,10.0002254
62.7325038,9.9980212
62.7344994,9.9960547
62.7348206,9.9957339
62.7364187,9.9926293
62.7370861,9.9913392
62.7376236,9.9905955
62.7413153,9.9861975
62.7418346,9.9843431
62.7424206,9.9831768
62.7467255,9.9828999
62.7479868,9.9832776
62.7481191,9.983323
62.7505888,9.9845054
62.7510805,9.9846677
62.7512433,9.9846225
62.751961,9.9849058
62.7525308,9.9857944
62.752662,9.9859688
62.7528426,9.9863469
62.753742,9.9885827
62.7550914,9.9913089
62.7563831,9.9937392
62.7564496,9.9937931
62.7628184,9.993167
62.7660642,9.9899168
62.7747045,9.9882536
62.7848285,9.9959844
62.7872717,10.0009804
62.7875475,10.001513
62.7900125,10.0034378
62.7910679,10.0040862
62.7932615,10.0093889
62.7932877,10.0095966
62.7936941,10.0119763
62.7982075,10.0232176
62.8000526,10.0252471
62.8001759,10.0255122
62.8008535,10.0276564
62.8021125,10.0304888
62.8025236,10.031045
62.802705,10.031302
62.8037544,10.0327979
62.8045881,10.0338787
62.8049173,10.0341394
62.8056251,10.0342289
62.8065826,10.0335827
62.808388,10.032238
62.8089542,10.0318702
62.8103617,10.0313964
62.8127805,10.0320196
62.8139674,10.0352494
62.8145794,10.0354187
62.8155772,10.034781
62.8160458,10.0332766
62.8160645,10.0320599
62.8158533,10.0290891
62.8158834,10.0271869
62.8160862,10.0230429
62.8171301,10.0206713
62.8176869,10.0197203
62.8196504,10.0170793
62.8208379,10.0155898
62.8229262,10.0126401
62.8232625,10.0119891
62.8233624,10.0117944
62.8234394,10.0116471
62.8239741,10.0105836
62.8240636,10.0104034
62.8245115,10.0095588
62.8270121,10.0083611
62.8270905,10.0084801
62.8275073,10.0089756
62.8279581,10.0093865
62.8280662,10.0094718
62.8287402,10.0098217
62.8291401,10.0100215
62.8292507,10.0100794
62.8304708,10.0107395
62.8315161,10.0113097
62.8318407,10.0114795
62.8322699,10.0117125
62.8323715,10.0117674
62.8328685,10.0120761
62.8332959,10.0124075
62.8373872,10.0147743
62.8395106,10.0153855
62.8420042,10.0155942
62.8466864,10.0175666
62.8493191,10.0192075
62.8494303,10.0192518
62.8521678,10.0201296
62.8524459,10.0203045
62.8526005,10.0204021
62.8588027,10.0210655
62.861659,10.0215652
62.8674394,10.0264749
62.8682725,10.0285208
62.8687466,10.0299614
62.8694022,10.0319946
62.8702186,10.0408526
62.8702164,10.0409928
62.8701453,10.0449411
62.8697747,10.0494805
62.8691466,10.0523953
62.8690884,10.0526632
62.8686637,10.054641
62.8670882,10.0666526
62.8665693,10.0686711
62.8664916,10.0688773
62.8660203,10.0705879
62.8659931,10.0711699
62.8661787,10.0733345
62.8662289,10.0738096
62.8672919,10.0781552
62.8678115,10.0792132
62.8678892,10.0793767
62.8751807,10.0859889
62.8755284,10.0864488
62.8784377,10.0900113
62.8792873,10.0907734
62.8817104,10.0929594
62.8823861,10.0941638
62.886828,10.1016212
62.8909839,10.1018704
62.8942616,10.1042426
62.8948065,10.1050638
62.9011297,10.1129097
62.9026144,10.1145906
62.9032422,10.1156965
62.9033353,10.1158657
62.9038892,10.1168723
62.9047846,10.1188355
62.905436,10.1207044
62.9085644,10.1273818
62.9093303,10.1292129
62.9100981,10.1318085
62.9115663,10.1359697
62.9155721,10.1402694
62.9168844,10.141275
62.9174272,10.1417626
62.9198617,10.1446466
62.9219911,10.1471927
62.9233698,10.1489335
62.9238799,10.1496854
62.9242144,10.1502112
62.9248655,10.1514345
62.9262236,10.1553534
62.926332,10.1557519
62.9265668,10.1566415
62.9271825,10.1590427
62.9300407,10.1808487
62.9305315,10.1817884
62.9306214,10.1819658
62.9316701,10.1839778
62.9322917,10.1849511
62.9330533,10.1859476
62.941734,10.1915279
62.9424276,10.1912503
62.9441546,10.1909915
62.9451175,10.1909604
62.9452843,10.1910457
62.9464506,10.1914474
62.9475527,10.1918756
62.9483244,10.1923218
62.9488624,10.1925901
62.9499772,10.1932418
62.9502413,10.1933988
62.953096,10.1950845
62.9773339,10.2299023
62.9786026,10.232063
62.9794354,10.2332261
62.9796737,10.2335273
62.9808166,10.2346632
62.9817834,10.2355161
62.9821348,10.2359152
62.9824518,10.2363391
62.9832164,10.2378739
62.9838395,10.2396601
62.9851315,10.2430028
62.986004,10.2439936
62.9870133,10.244484
62.9935992,10.2455207
62.9972571,10.2394451
63.0002679,10.2382652
63.0007873,10.2381173
63.0010165,10.2380619
63.0060524,10.2395664
63.0147873,10.246411
63.017596,10.246015
63.0199419,10.2471166
63.0244974,10.2525197
63.0249254,10.2534747
63.0256179,10.2550285
63.0258904,10.2557451
63.0263774,10.2570108
63.0268508,10.258605
63.0277507,10.2627428
63.0285393,10.2667279
63.0326932,10.2849613
63.0332526,10.2885588
63.0336753,10.2899382
63.034857,10.2925256
63.0354425,10.2936919
63.036139,10.2949562
63.0384999,10.297911
63.0517185,10.3004963
63.0536861,10.297826
63.0550994,10.295451
63.0644403,10.2895612
63.0667229,10.2873303
63.0670736,10.2868038
63.0676682,10.2857499
63.0678513,10.2853717
63.0690797,10.2802392
63.0884019,10.2502911
63.0885738,10.2502887
63.0897636,10.2499646
63.0923066,10.2464656
63.0927657,10.2449858
63.0938533,10.2417236
63.093882,10.2416471
63.1059895,10.2360415
63.1063996,10.2359936
63.1076474,10.2353807
63.1085094,10.2347791
63.1085759,10.2347308
63.1099639,10.2342487
63.1128571,10.23856
63.1219675,10.2450694
63.1229277,10.2445941
63.1256636,10.2432039
63.1275774,10.2443286
63.1292876,10.2454152
63.1362507,10.2531009
63.1363289,10.253159
63.1364382,10.2532286
63.1384514,10.2547036
63.1401194,10.2571932
63.1427517,10.2611683
63.1438718,10.262846
63.1453106,10.2650237
63.1468451,10.2674777
63.1485226,10.2706893
63.1487633,10.271165
63.1492845,10.2723347
63.1496562,10.2734253
63.1497057,10.2735863
63.1503808,10.2761431
63.1505729,10.2768849
63.1511341,10.2790228
63.151538,10.2805065
63.1517518,10.28127
63.1521088,10.2846305
63.1521376,10.2852523
63.152159,10.2855861
63.1523518,10.2870469
63.1527934,10.2889014
63.1532978,10.2901763
63.153367,10.290336
63.1535878,10.2908487
63.1542059,10.2919537
63.1544914,10.2921559
63.1550304,10.2925471
63.1558308,10.2932349
63.1558952,10.2932921
63.1560412,10.293434
63.1561411,10.2935324
63.1564258,10.2938085
63.156896,10.2942574
63.1569343,10.2942939
63.1575068,10.2948382
63.1575418,10.2948703
63.1586083,10.2958787
63.1588184,10.2960893
63.1596379,10.2970241
63.1596729,10.2970758
63.1605396,10.2987984
63.1611607,10.3001246
63.1625177,10.3030256
63.1627962,10.303613
63.1630595,10.3041758
63.163111,10.3042823
63.1634808,10.3050661
63.163605,10.3053295
63.1636838,10.3054922
63.1648538,10.3079796
63.165269,10.3088879
63.1654775,10.3093516
63.1667796,10.3120201
63.1669875,10.3122403
63.1675465,10.3127746
63.1685161,10.3135687
63.1697802,10.3143683
63.1730744,10.3161534
63.1740946,10.3166477
63.1748453,10.3167252
63.1765132,10.3167977
63.1771023,10.3167999
63.1783644,10.3166735
63.1821023,10.3156717
63.1836245,10.3147108
63.1847667,10.3139868
63.1851551,10.313685
63.1854787,10.3133769
63.1862083,10.3126823
63.1869748,10.3119424
63.1873026,10.3116272
63.1878259,10.3111241
63.1887838,10.3102063
63.1905574,10.308499
63.1915159,10.3075843
63.1919341,10.3071859
63.1935306,10.3056522
63.1947694,10.3044533
63.1968797,10.3024208
63.1969503,10.3023651
63.1971046,10.3022385
63.1976035,10.3019886
63.1976796,10.3019527
63.1980966,10.3017725
63.1987314,10.3015436
63.199377,10.3015231
63.199512,10.3015372
63.1997803,10.3015518
63.202921,10.301728
63.2029987,10.3017296
63.2066316,10.3010378
63.2069127,10.3007728
63.2070486,10.3006556
63.2076209,10.3004363
63.208335,10.3008677
63.2132465,10.3061415
63.2134301,10.3063248
63.2150903,10.3070336
63.2161062,10.3068907
63.2172022,10.3065551
63.2200326,10.3012379
63.2202228,10.3001924
63.2220309,10.2927849
63.223784,10.290119
63.22466,10.289047
63.2248839,10.2887777
63.2249642,10.2886753
63.226882,10.285755
63.227695,10.284427
63.228164,10.283596
63.228875,10.282016
63.2310036,10.276209
63.23998,10.274554
63.24723,10.27619
63.247742,10.276392
63.249127,10.277297
63.253858,10.281963
63.2551304,10.2824884
63.2561489,10.2828079
63.257374,10.283135
63.258095,10.283346
63.273787,10.28689
63.278578,10.281112
63.279061,10.280086
63.279394,10.279378
63.2800963,10.2778799
63.2813259,10.2755119
63.283365,10.273211
63.2852076,10.2720572
63.2862419,10.2718485
63.2865037,10.2718452
63.2951078,10.279035
63.2958997,10.2806327
63.2981633,10.2846448
63.2990786,10.2857431
63.3009261,10.2871705
63.3022319,10.2876971
63.3024328,10.2877717
63.3028733,10.2879347
63.3167235,10.2962266
63.3171163,10.2966663
63.31753,10.297196
63.319765,10.3014773
63.3200543,10.3023109
63.3224951,10.3144155
63.3231243,10.3167718
63.3261064,10.336238
63.326251,10.3443414
63.3266423,10.3464628
63.3278404,10.3499043
63.3281721,10.3505225
63.3329635,10.3559111
63.3337309,10.3567144
63.334848,10.3578866
63.3355931,10.3586751
63.3392048,10.3624772
63.3436605,10.3681178
63.3442419,10.3686373
63.3484733,10.3703312
63.3493484,10.3704523
63.3582958,10.3717454
63.3600631,10.3726615
63.3606426,10.3730177
63.3625994,10.3744693
63.3632537,10.3750692
63.3655487,10.3771612
63.3671735,10.3784765
63.3700971,10.3797139
63.3706442,10.379732
63.3733932,10.3786693
63.3742046,10.3780984
63.374793,10.3775994
63.3756321,10.376831
63.3840599,10.3764287
63.384243,10.3765833
63.3845351,10.3767854
63.3897119,10.3816161
63.3918517,10.3848296
63.3947748,10.3895581
63.3952198,10.3902474
63.396648,10.3921823
63.3979996,10.3935377
63.3989608,10.3942228
63.39979,10.3947384
63.4015859,10.3956172
63.4028434,10.396218
63.4037948,10.3966328
63.4044362,10.3969272
63.4045434,10.3969832
63.4048456,10.3971184
63.4079159,10.3984872
63.4085744,10.3987732
63.4086808,10.3988148
63.4090319,10.398927
63.4095487,10.3990372
63.411947,10.3993195
63.4124695,10.399296
63.4125709,10.3992673
63.4127801,10.3992034
63.4128657,10.3991772
63.4138308,10.3988467
63.414002,10.3987688
63.4143237,10.3985944
63.4148904,10.3983135
63.4149718,10.3982741
63.4150432,10.3982403
63.4153707,10.3980793
63.4167396,10.3973606
63.4180857,10.3967045
63.4184095,10.396526
63.4190831,10.3961764
63.4192051,10.3961144
63.4197515,10.395807
63.4201198,10.3956057
63.4205111,10.3954117
63.4207483,10.395298
63.4211299,10.3951413
63.4212809,10.3950745
63.4220427,10.3946787
63.4226692,10.3945328
63.4228522,10.3943768
63.4229378,10.3943594
63.4234954,10.394199
63.4248281,10.3938157
63.4257535,10.3935348
63.4263148,10.3934392
63.4264994,10.3933737
63.4275091,10.3930141
63.4275175,10.3932495
63.4275469,10.3938342
63.4275606,10.394116
63.4276073,10.3950125
63.4276219,10.3952336
63.4276368,10.3954876
63.4277021,10.3965772
63.4278444,10.3985732
63.4279407,10.3997884
63.4284091,10.4001036
63.4287914,10.4004146
63.4295312,10.4009605
63.429719,10.4010768
63.4302692,10.4014613
63.4303151,10.400056
63.4303428,10.3992759
63.4303919,10.3978773
63.4304101,10.3973541
63.4304615,10.3961092
63.430457,10.3960229
