1, 2066672
2, 733357
3, 875204
4, 974285
5, 694506
6, 961011
7, 1154921
8, 1153912
9, 939852
10, 921029
11, 921743
12, 923206
13, 910104
14, 915953
15, 1164751
16, 1038313
17, 1006954
18, 991865
19, 933067
20, 919634
21, 939748
22, 928254
23, 919476
24, 910488
25, 931124
26, 1288441
27, 1352205
28, 1112783
29, 1032813
30, 934448
31, 969163
32, 895825
33, 929870
34, 915993
35, 933183
36, 964621
37, 925163
38, 1020566
39, 965077
40, 996982
41, 986240
42, 1001458
43, 1112585
44, 990317
45, 1321942
46, 1326770
47, 1338331
48, 1317568
49, 1316271
50, 1336197
51, 1113242
52, 913643
53, 967658
54, 996599
55, 1186844
56, 1018104
57, 1014829
58, 1015447
59, 973350
60, 977655
61, 960869
62, 1033488
63, 936077
64, 1037061
65, 1355025
66, 952337
67, 903534
68, 893610
69, 895767
70, 879715
71, 897419
72, 877040
73, 865549
74, 908506
75, 920180
76, 914342
77, 937305
78, 933239
79, 935574
80, 902323
81, 931230
82, 973730
83, 997356
84, 930771
85, 913727
86, 920862
87, 923548
88, 906669
89, 929602
90, 905744
91, 913777
92, 915710
93, 928686
94, 978653
95, 926514
96, 1007502
97, 1111550
98, 1006733
99, 982145
100, 952856
101, 928643
102, 945279
103, 948969
104, 940613
105, 975967
106, 985103
107, 1023421
108, 943123
109, 924504
110, 915434
111, 950577
112, 911859
113, 891016
114, 907492
115, 943969
116, 917131
117, 949419
118, 949662
119, 952310
120, 957990
121, 954251
122, 946061
123, 979442
124, 951830
125, 968916
126, 934974
127, 932205
128, 950046
129, 981866
130, 919937
131, 923039
132, 959619
133, 921969
134, 914508
135, 901582
136, 899570
137, 889611
138, 921969
139, 941183
140, 936293
141, 974989
142, 947795
143, 966502
144, 950446
145, 940088
146, 962045
147, 924273
148, 963323
149, 1224073
150, 964992
151, 1007185
152, 972057
153, 943086
154, 978735
155, 967750
156, 956702
157, 938549
158, 945384
159, 1004410
160, 992237
161, 995084
162, 953674
163, 1003318
164, 988664
165, 937627
166, 1009026
167, 944304
168, 1005661
169, 991449
170, 944985
171, 923588
172, 941058
173, 924426
174, 926207
175, 897134
176, 944120
177, 939275
178, 934488
179, 972997
180, 965489
181, 973242
182, 972560
183, 958986
184, 992692
185, 961277
186, 1006510
187, 1012792
188, 1027255
189, 1054318
190, 1027150
191, 963671
192, 921456
193, 937532
194, 918150
195, 931091
196, 953943
197, 925924
198, 915519
199, 901448
200, 959279
201, 1029461
202, 1055456
203, 1055174
204, 1008565
205, 1040667
206, 1003609
207, 985112
208, 983850
209, 978314
210, 989318
211, 985401
212, 944710
213, 937785
214, 906507
215, 952733
216, 935336
217, 937501
218, 922648
219, 924148
220, 928261
221, 938029
222, 954507
223, 976227
224, 1004058
225, 1028241
226, 1010580
227, 996520
228, 986058
229, 992911
230, 1080941
231, 1032419
232, 1010247
233, 970176
234, 952739
235, 943086
236, 938459
237, 944770
238, 934252
239, 935984
240, 929030
241, 965875
242, 933702
243, 1095324
244, 1090585
245, 1035808
246, 999361
247, 1031137
248, 1008892
249, 1007070
250, 1029390
251, 1118895
252, 1052705
253, 992231
254, 974984
255, 973287
256, 959980
257, 997621
258, 961749
259, 954912
260, 1002982
261, 954919
262, 967935
263, 971629
264, 1050185
265, 1041786
266, 1065512
267, 1023706
268, 1068115
269, 1033197
270, 1048709
271, 1020180
272, 1008143
273, 1051060
274, 998632
275, 981316
276, 971298
277, 959587
278, 961839
279, 1066927
280, 994189
281, 1004012
282, 968883
283, 1092215
284, 1113737
285, 1100476
286, 1124786
287, 1079559
288, 1098049
289, 1122350
290, 1110398
291, 1061892
292, 1097060
293, 1032886
294, 974794
295, 994718
296, 984403
297, 1007323
298, 995288
299, 1018905
300, 983328
301, 985048
302, 967679
303, 1060102
304, 1014881
305, 1073000
306, 1037890
307, 1045252
308, 1061773
309, 1073826
310, 1025298
311, 1067951
312, 1009272
313, 1055512
314, 1038067
315, 1014629
316, 986933
317, 1006209
318, 1004722
319, 1003618
320, 992853
321, 1000266
322, 1086017
323, 1067528
324, 1164610
325, 1057077
326, 1062125
327, 1194082
328, 1086944
329, 1054958
330, 1094186
331, 1072973
332, 1010762
333, 1029328
334, 994101
335, 1032899
336, 995498
337, 1037569
338, 1007776
339, 1064420
340, 1010832
341, 1052868
342, 1167861
343, 1100813
344, 1100149
345, 1127976
346, 1128250
347, 1156907
348, 1122988
349, 1100701
350, 1136466
351, 1087914
352, 1055097
353, 1058359
354, 1083185
355, 1038779
356, 1055162
357, 1028354
358, 1790567
359, 1129701
360, 1117799
361, 1125858
362, 1135809
363, 1128001
364, 1092628
365, 1109530
366, 1094389
367, 1141419
368, 1104293
369, 1055091
370, 1040757
371, 1131006
372, 1137618
373, 1058313
374, 1033574
375, 1064741
376, 1048352
377, 1065473
378, 1121335
379, 1152344
380, 1149146
381, 1127658
382, 1138894
383, 1156513
384, 1159145
385, 1437801
386, 1260729
387, 1106903
388, 1116017
389, 1161716
390, 1114115
391, 1101313
392, 1096831
393, 1121737
394, 1129617
395, 1164894
396, 1154195
397, 1167351
398, 1166334
399, 1137720
400, 1148423
401, 1129811
402, 1150647
403, 1113725
404, 1123304
405, 1117106
406, 1103426
407, 1116516
408, 1118003
409, 1077775
410, 1057757
411, 1103358
412, 1189176
413, 1147609
414, 1457090
415, 1809733
416, 1359702
417, 1149256
418, 1148188
419, 1195873
420, 1112510
421, 1140452
422, 1112792
423, 1123731
424, 1107245
425, 1349502
426, 1106914
427, 1142891
428, 1135366
429, 1230510
430, 1467851
431, 1193608
432, 1182204
433, 1194409
434, 1223360
435, 1165512
436, 1219199
437, 1145777
438, 1126271
439, 1250063
440, 1125302
441, 1171841
442, 1245592
443, 1160763
444, 1219387
445, 1175899
446, 1258917
447, 1878180
448, 1181039
449, 1204123
450, 1191254
451, 1202147
452, 1321806
453, 1144000
454, 1226720
455, 1165683
456, 1124442
457, 1156601
458, 1128108
459, 1142115
460, 1136515
461, 1146184
462, 1272265
463, 1231356
464, 1190994
465, 1197888
466, 1220475
467, 1207832
468, 1212258
469, 1180991
470, 1227576
471, 1186573
472, 1198167
473, 1209939
474, 1174414
475, 1148874
476, 1191445
477, 1278577
478, 1219053
479, 1223316
480, 1250384
481, 1254122
482, 1200343
483, 1250851
484, 1214113
485, 1246767
486, 1239497
487, 1191305
488, 1205103
489, 1218643
490, 1172218
491, 1137709
492, 1174689
493, 1220359
494, 1215956
495, 1269758
496, 1254913
497, 1384532
498, 1270130
499, 1247836
500, 1295920
501, 1295928
502, 1312505
503, 1301794
504, 1219971
505, 1307422
506, 1707075
507, 2105840
508, 1215473
509, 1260581
510, 1635864
511, 1233224
512, 1260991
513, 1297423
514, 1294770
515, 1257538
516, 1239911
517, 1275679
518, 1229669
519, 1223546
520, 1201140
521, 1224598
522, 1221456
523, 1230027
524, 1219077
525, 1242582
526, 1252010
527, 1285175
528, 1309965
529, 1338033
530, 1296301
531, 1305976
532, 1432374
533, 1335245
534, 1276072
535, 1239638
536, 1210041
537, 1233134
538, 1280064
539, 1225232
540, 1242766
541, 1233027
542, 1587024
543, 1322695
544, 1330702
545, 1327357
546, 1307482
547, 1283932
548, 1341486
549, 1329975
550, 1250578
551, 1242104
552, 1229553
553, 1314800
554, 1247496
555, 1239131
556, 1258077
557, 1206162
558, 1353389
559, 1353133
560, 1356657
561, 1338370
562, 1345480
563, 1340318
564, 1349185
565, 1313854
566, 1298363
567, 1245144
568, 1242298
569, 1312541
570, 1319213
571, 1303151
572, 1274044
573, 1259557
574, 1362795
575, 1365100
576, 1523360
577, 1329043
578, 1342725
579, 1335559
580, 1359353
581, 1320445
582, 1296529
583, 1309734
584, 1274446
585, 1526353
586, 1305932
587, 1298130
588, 1296495
589, 1321312
590, 1373684
591, 1376183
592, 1349555
593, 1321791
594, 1347931
595, 1364677
596, 1364687
597, 1333122
598, 1282575
599, 1296514
600, 1274380
601, 1279881
602, 1275068
603, 1284885
604, 1306353
605, 1476483
606, 1371780
607, 1414885
608, 1413343
609, 1379962
610, 1428228
611, 1380600
612, 1364345
613, 1321476
614, 1286790
615, 1311913
616, 1395903
617, 1289488
618, 1288165
619, 1302076
620, 1565531
621, 1475971
622, 1576391
623, 1332656
624, 1360572
625, 1376703
626, 1374674
627, 1368712
628, 1337803
629, 1343484
630, 1342037
631, 1411682
632, 1369626
633, 1379600
634, 1367338
635, 1993147
636, 1632908
637, 1459634
638, 1365456
639, 1391837
640, 1402159
641, 1390438
642, 1447051
643, 1438857
644, 1325720
645, 1306327
646, 1337762
647, 1347990
648, 1311097
649, 1310067
650, 1392456
651, 1398661
652, 1384715
653, 1406764
654, 1413967
655, 1412820
656, 1391015
657, 1429141
658, 1504328
659, 1371897
660, 1398842
661, 1336940
662, 1378792
663, 1332873
664, 1327084
665, 1387577
666, 1405933
667, 1375779
668, 1430814
669, 1395382
670, 1369266
671, 1375734
672, 1370487
673, 1355075
674, 1325641
675, 1314974
676, 1311498
677, 1316973
678, 1413122
679, 1349486
680, 1448451
681, 1469107
682, 1487463
683, 1496824
684, 1473423
685, 1491506
686, 1477406
687, 1390967
688, 1366064
689, 1327536
690, 1353598
691, 1342165
692, 1328418
693, 1334738
694, 1312317
695, 1510784
696, 1418675
697, 1433518
698, 1437829
699, 1404498
700, 1452267
701, 1430097
702, 1378910
703, 1374630
704, 1367492
705, 1340077
706, 1316716
707, 1314451
708, 1319598
709, 1323497
710, 1372920
711, 1425287
712, 1416179
713, 1454772
714, 1513048
715, 1426682
716, 1374177
717, 1388223
718, 1359043
719, 1317233
720, 1310471
721, 1360014
722, 1323819
723, 1336049
724, 1311856
725, 1370449
726, 1414677
727, 1382121
728, 1402120
729, 1484028
730, 1541577
731, 1376683
732, 1365748
733, 1347547
734, 1357420
735, 1337305
736, 1320322
737, 1319191
738, 1332501
739, 1316920
740, 1393801
741, 1373770
742, 1408277
743, 1377609
744, 1411352
745, 1380688
746, 1405782
747, 1406658
748, 1356114
749, 1363986
750, 1423002
751, 1335729
752, 1315582
753, 1315816
754, 1318058
755, 1406682
756, 1403158
757, 1423000
758, 1433988
759, 1430116
760, 1411024
761, 1428951
762, 1414135
763, 1333164
764, 1321189
765, 1554771
766, 1309670
767, 1304806
768, 1314689
769, 1399751
770, 1546557
771, 1471495
772, 1705841
773, 2148212
774, 2371675
775, 1909673
776, 1470944
777, 1410414
778, 1426325
779, 1457663
780, 1467328
781, 1471187
782, 1467115
783, 1478287
784, 1557133
785, 1501445
786, 1451109
787, 1420317
788, 1402577
789, 1471690
790, 1448033
791, 1442461
792, 1450164
793, 1477787
794, 1475724
795, 1478454
796, 1463183
797, 1507972
798, 1668185
799, 1491648
800, 1477892
801, 1508417
802, 1527669
803, 1464630
804, 1489782
805, 1577284
806, 1495177
807, 1456204
808, 1495634
809, 1444612
810, 1449911
811, 1618204
812, 1559045
813, 1520785
814, 1501125
815, 1530603
816, 1485711
817, 1534055
818, 1495311
819, 1460438
820, 1443351
821, 1433013
822, 1425044
823, 1416344
824, 1419265
825, 1467110
826, 1520584
827, 1475097
828, 1501099
829, 1504640
830, 1504193
831, 1534370
832, 1659451
833, 1452167
834, 1455073
835, 1816538
836, 1519698
837, 1540628
838, 1491768
839, 1554279
840, 1563314
841, 1570417
842, 1574739
843, 1574714
844, 1524892
845, 1535383
846, 1511433
847, 1494956
848, 1525246
849, 1710566
850, 1573360
851, 1944663
852, 1723674
853, 1793714
854, 1708528
855, 1690335
856, 1564603
857, 1580660
858, 1545303
859, 1519377
860, 1538927
861, 1499062
862, 1550319
863, 2155843
864, 1733479
865, 1566320
866, 1660974
867, 1621669
868, 1581231
869, 1635692
870, 1552090
871, 1503277
872, 1507061
873, 1582363
874, 1509087
875, 1558595
876, 1504592
877, 1608555
878, 1657008
879, 1622333
880, 1793466
881, 1621318
882, 1588731
883, 1587454
884, 1496213
885, 1483559
886, 1520439
887, 1503975
888, 1493037
889, 1496038
890, 1553079
891, 1634888
892, 1606253
893, 1612109
894, 1594604
895, 1596234
896, 1618369
897, 1511919
898, 1501100
899, 1873756
900, 2322185
901, 1527569
902, 1571208
903, 1991995
904, 1946624
905, 1573000
906, 1585002
907, 1564606
908, 1579064
909, 1543564
910, 1542857
911, 1523080
912, 1504615
913, 1562315
914, 1525741
915, 1573252
916, 1557380
917, 1641441
918, 1552580
919, 1565569
920, 1557727
921, 1536692
922, 1494856
923, 1495456
924, 1528859
925, 1476939
926, 1534953
927, 1493100
928, 1466023
929, 1563411
930, 1584792
931, 1549650
932, 1568019
933, 1559782
934, 1525466
935, 1538714
936, 1454401
937, 1540318
938, 1495018
939, 1443527
940, 1483974
941, 1526011
942, 1454164
943, 1528770
944, 1532700
945, 1551141
946, 1563184
947, 1543951
948, 1551501
949, 1546424
950, 1500813
951, 1458258
952, 1473999
953, 1443731
954, 1463548
955, 1488452
956, 1468550
957, 1534705
958, 1544605
959, 1531644
960, 1528224
961, 1588168
962, 1532286
963, 1719850
964, 1600107
965, 1596755
966, 1780393
967, 1743183
968, 1732819
969, 1732626
970, 1806120
971, 1812628
972, 1839234
973, 1812597
974, 1836987
975, 1800041
976, 1784194
977, 1707266
978, 1737427
979, 1705859
980, 1724429
981, 1722971
982, 1827711
983, 1830043
984, 1822407
985, 1895731
986, 1943941
987, 1865527
988, 1771927
989, 1762479
990, 1710233
991, 1848432
992, 1727306
993, 1736496
994, 1928457
995, 1844169
996, 1879560
997, 1852701
998, 1836088
999, 1817723
1000, 1737698
