1, 2519461
2, 840688
3, 738269
4, 735045
5, 715180
6, 728517
7, 702411
8, 691203
9, 733374
10, 822490
11, 1017356
12, 872593
13, 1038625
14, 903319
15, 896409
16, 886991
17, 883919
18, 967134
19, 1099425
20, 1241920
21, 1217621
22, 935720
23, 893619
24, 898806
25, 912980
26, 936202
27, 885423
28, 1065750
29, 1297500
30, 1146932
31, 1109517
32, 1025590
33, 962724
34, 1256890
35, 1923670
36, 914762
37, 929617
38, 936229
39, 941862
40, 957355
41, 978739
42, 959282
43, 974551
44, 1208378
45, 1177816
46, 1027446
47, 1016704
48, 1150492
49, 987802
50, 1031048
51, 1009882
52, 1076713
53, 1002651
54, 947206
55, 1024679
56, 997352
57, 1079917
58, 993100
59, 1234948
60, 1327143
61, 1336866
62, 1366786
63, 1334666
64, 1341599
65, 892363
66, 893914
67, 877159
68, 918043
69, 893762
70, 928642
71, 912255
72, 891887
73, 879348
74, 941308
75, 955367
76, 955675
77, 1151988
78, 1061405
79, 964767
80, 924868
81, 914086
82, 890756
83, 916170
84, 949535
85, 889242
86, 954183
87, 889548
88, 896455
89, 932181
90, 920065
91, 939159
92, 874831
93, 878783
94, 867688
95, 906139
96, 1006882
97, 1027479
98, 941481
99, 937168
100, 952063
101, 961060
102, 983443
103, 990476
104, 943116
105, 954410
106, 1016547
107, 1240074
108, 934510
109, 904901
110, 915146
111, 895026
112, 869147
113, 875108
114, 882765
115, 876085
116, 858225
117, 1046046
118, 1198648
119, 945368
120, 1074623
121, 1084876
122, 1069624
123, 1077700
124, 1063941
125, 1052594
126, 946958
127, 960732
128, 1064276
129, 1006887
130, 895203
131, 938523
132, 904210
133, 922707
134, 947212
135, 936249
136, 979893
137, 961686
138, 977678
139, 972828
140, 982179
141, 954980
142, 916060
143, 929422
144, 924083
145, 936626
146, 946743
147, 968047
148, 970252
149, 991422
150, 976421
151, 983305
152, 1019949
153, 1005751
154, 1002143
155, 1000397
156, 949332
157, 922103
158, 941675
159, 951825
160, 990852
161, 966963
162, 977079
163, 973140
164, 994536
165, 946341
166, 926139
167, 949165
168, 988271
169, 957924
170, 941049
171, 919990
172, 947222
173, 940915
174, 918311
175, 913016
176, 915915
177, 928841
178, 1065067
179, 968929
180, 1022646
181, 1013421
182, 966634
183, 1001578
184, 984997
185, 983758
186, 946714
187, 958356
188, 995967
189, 979063
190, 967875
191, 995756
192, 970999
193, 972705
194, 974563
195, 987528
196, 994579
197, 978201
198, 993988
199, 1001161
200, 1068988
201, 1016278
202, 1018228
203, 1023262
204, 997074
205, 954951
206, 1003792
207, 1027055
208, 1055846
209, 1023222
210, 993011
211, 966483
212, 969486
213, 1026823
214, 1027458
215, 994575
216, 955980
217, 966831
218, 969400
219, 964954
220, 959245
221, 1006090
222, 1006390
223, 1001022
224, 973212
225, 1011801
226, 992106
227, 990467
228, 1055715
229, 1036313
230, 1008493
231, 1062930
232, 1023469
233, 978419
234, 989047
235, 997320
236, 984665
237, 967068
238, 953074
239, 992043
240, 998306
241, 1061823
242, 1028999
243, 1037604
244, 1017072
245, 1002046
246, 1003390
247, 1075430
248, 1011469
249, 1009518
250, 1040723
251, 1078947
252, 1055151
253, 1041455
254, 1028741
255, 1050680
256, 1047959
257, 1006567
258, 1070032
259, 1004329
260, 1049540
261, 1062461
262, 1033400
263, 1035758
264, 1062103
265, 1034103
266, 1067536
267, 1022612
268, 1061575
269, 1040898
270, 1060924
271, 1022117
272, 1057705
273, 1032239
274, 1068619
275, 1052696
276, 1097926
277, 1059217
278, 1089559
279, 1074047
280, 1069829
281, 1057045
282, 1108604
283, 1085545
284, 1056154
285, 1095249
286, 1106457
287, 1048398
288, 1025652
289, 1112715
290, 1065988
291, 1079954
292, 1056368
293, 1010983
294, 1083372
295, 1035156
296, 1104983
297, 1065893
298, 1069354
299, 1052343
300, 1061430
301, 1098016
302, 1086868
303, 1077522
304, 1123093
305, 1090616
306, 1057267
307, 1064089
308, 1030533
309, 1047827
310, 1021009
311, 1060261
312, 1049862
313, 1038457
314, 1020581
315, 1026681
316, 1099869
317, 1066319
318, 1114457
319, 1107462
320, 1139698
321, 1116063
322, 1187403
323, 1149305
324, 1139558
325, 1194755
326, 1214499
327, 1243177
328, 1154504
329, 1064726
330, 1131650
331, 1090485
332, 1122293
333, 1084417
334, 1148570
335, 1114058
336, 1124866
337, 1151778
338, 1123213
339, 1146205
340, 1186837
341, 1195935
342, 1092595
343, 1163082
344, 1232764
345, 1223434
346, 1127624
347, 1099950
348, 1098729
349, 1143771
350, 1186408
351, 1129040
352, 1107817
353, 1132782
354, 1144134
355, 1114725
356, 1148138
357, 1175349
358, 1141826
359, 1145833
360, 1102412
361, 1125620
362, 1108384
363, 1091235
364, 1100599
365, 1128955
366, 1100074
367, 1066423
368, 1100308
369, 1141004
370, 1140967
371, 1159687
372, 1138530
373, 1126092
374, 1188720
375, 1138862
376, 1124946
377, 1143575
378, 1183782
379, 1178440
380, 1152270
381, 1128142
382, 1147078
383, 1174537
384, 1171181
385, 1209981
386, 1124702
387, 1156357
388, 1225859
389, 1388775
390, 1246829
391, 1228539
392, 1160355
393, 1172662
394, 1165469
395, 1152814
396, 1143094
397, 1118699
398, 1177100
399, 1206955
400, 1104029
401, 1178779
402, 1202754
403, 1190857
404, 1188280
405, 1207467
406, 1286124
407, 1292522
408, 1254961
409, 1225992
410, 1202284
411, 1155989
412, 1216889
413, 1210480
414, 1169549
415, 1184060
416, 1256238
417, 1330123
418, 1226922
419, 1250461
420, 1326391
421, 1286696
422, 1244940
423, 1221793
424, 1277779
425, 1252791
426, 1243252
427, 1189899
428, 1227019
429, 1229539
430, 1154055
431, 1182773
432, 1352330
433, 1287354
434, 1263835
435, 1278133
436, 1339950
437, 1231121
438, 1261240
439, 1254922
440, 1283382
441, 1281112
442, 1225465
443, 1206952
444, 1182051
445, 1237897
446, 1226653
447, 1204683
448, 1337924
449, 1250451
450, 1324308
451, 1285834
452, 1262048
453, 1300415
454, 1330907
455, 1278421
456, 1229914
457, 1294264
458, 1315182
459, 1336731
460, 1231892
461, 1238728
462, 1272011
463, 1331168
464, 1251308
465, 1279546
466, 1366139
467, 1399537
468, 1603282
469, 1273358
470, 1356103
471, 1303870
472, 1260179
473, 1322078
474, 1265424
475, 1287358
476, 1279573
477, 1295833
478, 1270755
479, 1259177
480, 1305699
481, 1266770
482, 1369282
483, 1395188
484, 1419794
485, 1382882
486, 1409312
487, 1412189
488, 1440908
489, 1369931
490, 1356474
491, 1332215
492, 1393217
493, 1406309
494, 1292661
495, 1313152
496, 1428778
497, 1408921
498, 1418805
499, 1393826
500, 1481577
501, 1525220
502, 1380028
503, 1368955
504, 1382369
505, 1409936
506, 1348995
507, 1348254
508, 1334487
509, 1300371
510, 1345691
511, 1490478
512, 1421819
513, 1450099
514, 1487128
515, 1428211
516, 1428623
517, 1524032
518, 1554162
519, 1428444
520, 1388161
521, 1420739
522, 1373233
523, 1360746
524, 1359717
525, 1525943
526, 1514791
527, 1401039
528, 1384134
529, 1468515
530, 1441121
531, 1410553
532, 1425648
533, 1362573
534, 1426688
535, 1407702
536, 1392305
537, 1420626
538, 1624294
539, 1490541
540, 1374431
541, 1522334
542, 1740275
543, 1458962
544, 1481106
545, 1442579
546, 1434730
547, 1411574
548, 1372055
549, 1357293
550, 1387390
551, 1412770
552, 1511073
553, 1424898
554, 1393016
555, 1413796
556, 1884070
557, 2111267
558, 1497565
559, 1473173
560, 1407359
561, 1417661
562, 1507749
563, 1447346
564, 1385813
565, 1358883
566, 1393906
567, 1412401
568, 1456353
569, 1434827
570, 1478350
571, 1465220
572, 1437895
573, 1482273
574, 1448012
575, 1379828
576, 1489010
577, 1472427
578, 1437322
579, 1445690
580, 1465575
581, 1507634
582, 1542571
583, 1537736
584, 1553087
585, 1694593
586, 1794467
587, 1551016
588, 1462433
589, 1457284
590, 1442594
591, 1468921
592, 1453675
593, 1747567
594, 1532290
595, 1509079
596, 1542614
597, 1474768
598, 1512879
599, 1499146
600, 1481307
601, 1486152
602, 1433670
603, 1413472
604, 1392219
605, 1408995
606, 1438177
607, 1476701
608, 1580127
609, 1771040
610, 1783594
611, 1591436
612, 1564655
613, 1497397
614, 1457059
615, 1518259
616, 1520414
617, 1620553
618, 1546064
619, 1489159
620, 1567925
621, 1525140
622, 1451012
623, 1497775
624, 1484661
625, 1732973
626, 1537019
627, 1464411
628, 1410438
629, 1400220
630, 1418667
631, 1409565
632, 1433931
633, 1591670
634, 1599114
635, 1543745
636, 1498019
637, 1452867
638, 1536569
639, 1532160
640, 1452886
641, 1474948
642, 1479655
643, 1474504
644, 1373077
645, 1467671
646, 1399053
647, 1400770
648, 1449724
649, 1507218
650, 1489190
651, 1483968
652, 1470495
653, 1475803
654, 1499452
655, 1472059
656, 1530442
657, 1429949
658, 1423197
659, 1421050
660, 1444873
661, 1453198
662, 1499522
663, 1545071
664, 1542303
665, 1512937
666, 1549869
667, 1547577
668, 1521543
669, 1461610
670, 1456914
671, 1498232
672, 1497099
673, 1546714
674, 1519038
675, 1419101
676, 1541798
677, 1548799
678, 1502530
679, 1480132
680, 1505814
681, 1589665
682, 1589150
683, 1469534
684, 1465818
685, 1465344
686, 1442699
687, 1446042
688, 1598051
689, 1589679
690, 1508112
691, 1561601
692, 1522906
693, 1507617
694, 1487731
695, 1539047
696, 1522860
697, 1528205
698, 1494766
699, 1417628
700, 1447724
701, 1456777
702, 1545295
703, 1427835
704, 1540364
705, 1540141
706, 1482727
707, 1471411
708, 1521840
709, 1536137
710, 1503874
711, 1487043
712, 1474052
713, 1477544
714, 1491251
715, 1470780
716, 1451916
717, 1513028
718, 1611305
719, 1477613
720, 1520900
721, 1516274
722, 1536866
723, 1533244
724, 1570090
725, 1487812
726, 1527569
727, 1516722
728, 1498137
729, 1454372
730, 1551555
731, 1468150
732, 1503304
733, 1497082
734, 1527575
735, 1546906
736, 1508979
737, 1487040
738, 1546911
739, 1449644
740, 1429717
741, 1431900
742, 1438686
743, 1489539
744, 1434087
745, 1439532
746, 1456625
747, 1503013
748, 1502920
749, 1498295
750, 1508751
751, 1542643
752, 1553579
753, 1469973
754, 1434886
755, 1450808
756, 1469176
757, 1417628
758, 1439046
759, 1433998
760, 1493205
761, 1566136
762, 1569002
763, 1504971
764, 1717096
765, 1464495
766, 1523249
767, 1452200
768, 1426987
769, 1417108
770, 1418835
771, 1514993
772, 1535762
773, 1449596
774, 1462289
775, 1503544
776, 1466815
777, 1487564
778, 1494203
779, 1471357
780, 1526244
781, 1518130
782, 1514004
783, 1501208
784, 1503797
785, 1527749
786, 1509300
787, 1535902
788, 1617622
789, 1597104
790, 1561834
791, 1552890
792, 1567309
793, 1586592
794, 1484137
795, 1450871
796, 1497976
797, 1476197
798, 1483915
799, 1475695
800, 1474781
801, 1467368
802, 1593138
803, 1625268
804, 1583660
805, 1577049
806, 1636719
807, 1602927
808, 1477945
809, 1517670
810, 1498669
811, 1517228
812, 1505312
813, 1606915
814, 1563866
815, 1562775
816, 1584531
817, 1588396
818, 1579306
819, 1574505
820, 1572550
821, 1569675
822, 1586071
823, 1533039
824, 1505775
825, 1515495
826, 1622450
827, 1605380
828, 1647442
829, 1646847
830, 1633973
831, 1671982
832, 1646261
833, 1958911
834, 1685386
835, 1721241
836, 1654145
837, 1768519
838, 1756885
839, 1613243
840, 1669187
841, 1703529
842, 1822940
843, 1695528
844, 1637572
845, 1653051
846, 1655453
847, 1671747
848, 1687626
849, 1678958
850, 1619189
851, 1620389
852, 1598764
853, 1661142
854, 1685902
855, 1716961
856, 1696084
857, 1705891
858, 1748990
859, 1632021
860, 1670181
861, 1662551
862, 1610036
863, 1563894
864, 1614807
865, 1730797
866, 1633671
867, 1662853
868, 1654794
869, 1644789
870, 1632871
871, 1685949
872, 1669403
873, 1719582
874, 1662233
875, 1751023
876, 1717630
877, 1735776
878, 1741703
879, 1749579
880, 1753758
881, 1735368
882, 1722863
883, 1686400
884, 1654525
885, 1638582
886, 1656958
887, 1746226
888, 1750445
889, 1752502
890, 1743744
891, 1747523
892, 1765392
893, 1786733
894, 1732058
895, 1653141
896, 1642165
897, 1781375
898, 1656473
899, 1657918
900, 1734148
901, 1808640
902, 1761675
903, 1752772
904, 1762802
905, 1848310
906, 1730761
907, 1666091
908, 1665731
909, 1668374
910, 1649709
911, 1657413
912, 1767404
913, 1828763
914, 1818901
915, 1818450
916, 1781895
917, 1782038
918, 1735512
919, 1641459
920, 1682740
921, 1659310
922, 1682526
923, 1739301
924, 1680723
925, 1727339
926, 1748892
927, 1776715
928, 1823325
929, 1780891
930, 1721640
931, 1649191
932, 1655742
933, 1787259
934, 1727952
935, 1700345
936, 1800129
937, 1834403
938, 1801700
939, 1817076
940, 1783960
941, 1859156
942, 1704573
943, 1685087
944, 1670186
945, 1649465
946, 1640090
947, 1665730
948, 1835281
949, 1806098
950, 1825497
951, 1799364
952, 1789193
953, 1780018
954, 1686681
955, 1672933
956, 1645092
957, 1633584
958, 1639746
959, 1698873
960, 1715782
961, 1806017
962, 1731833
963, 1699779
964, 1734807
965, 1793555
966, 1746634
967, 1711236
968, 1655806
969, 1655265
970, 1664899
971, 1736586
972, 1725963
973, 1732167
974, 1739309
975, 1759336
976, 1783372
977, 1741089
978, 1786137
979, 1694581
980, 1809014
981, 2588759
982, 2543076
983, 1705055
984, 1723968
985, 1711922
986, 1749836
987, 1758104
988, 1742930
989, 1670321
990, 1661940
991, 1651139
992, 1666999
993, 1701243
994, 1675773
995, 1716585
996, 1748660
997, 1740126
998, 1753004
999, 1737988
1000, 1717189
