1, 2966633
2, 875706
3, 661721
4, 821326
5, 698691
6, 769284
7, 1088073
8, 1096009
9, 1072892
10, 1079615
11, 936387
12, 848742
13, 852195
14, 859786
15, 880310
16, 1021548
17, 1278113
18, 909703
19, 977593
20, 937204
21, 952649
22, 935735
23, 939254
24, 908820
25, 929657
26, 910992
27, 916051
28, 938555
29, 917471
30, 1080823
31, 1146060
32, 967100
33, 907358
34, 1045634
35, 950768
36, 1279553
37, 1185577
38, 997568
39, 1319558
40, 1183221
41, 1002481
42, 1109737
43, 1109999
44, 1278027
45, 1337182
46, 1351339
47, 1344390
48, 1371228
49, 1351150
50, 1331308
51, 1337336
52, 1181312
53, 875105
54, 904827
55, 1024416
56, 925238
57, 970738
58, 1035114
59, 891530
60, 840932
61, 933975
62, 944950
63, 942413
64, 945617
65, 930087
66, 920371
67, 913054
68, 909859
69, 992316
70, 898512
71, 880441
72, 889718
73, 878617
74, 885707
75, 947864
76, 950179
77, 934119
78, 891112
79, 915261
80, 947706
81, 916723
82, 894039
83, 864872
84, 880922
85, 841126
86, 867807
87, 845316
88, 850658
89, 854048
90, 844768
91, 914737
92, 891050
93, 839958
94, 877552
95, 940495
96, 890268
97, 902371
98, 874443
99, 871576
100, 932366
101, 865920
102, 885123
103, 1004096
104, 933744
105, 1086893
106, 1292875
107, 1297089
108, 875381
109, 839778
110, 865600
111, 865155
112, 837898
113, 853142
114, 837758
115, 845448
116, 853393
117, 963046
118, 1126850
119, 866663
120, 867768
121, 861123
122, 884700
123, 897777
124, 870070
125, 853473
126, 868473
127, 873273
128, 879916
129, 819227
130, 870345
131, 834205
132, 819602
133, 837948
134, 821764
135, 829167
136, 811486
137, 832335
138, 845457
139, 807349
140, 877587
141, 901662
142, 935608
143, 892972
144, 888343
145, 972171
146, 928284
147, 981121
148, 926828
149, 879623
150, 865897
151, 875514
152, 878815
153, 845352
154, 865244
155, 833201
156, 833817
157, 844957
158, 889354
159, 855532
160, 819951
161, 849235
162, 841622
163, 898977
164, 908624
165, 970981
166, 942979
167, 922936
168, 912493
169, 900826
170, 905477
171, 907508
172, 921862
173, 929688
174, 928934
175, 924911
176, 903876
177, 952664
178, 938368
179, 936897
180, 951027
181, 940507
182, 889679
183, 898103
184, 952396
185, 1031156
186, 978469
187, 897068
188, 940360
189, 923222
190, 934772
191, 930546
192, 919134
193, 903752
194, 889070
195, 887813
196, 874583
197, 879024
198, 871784
199, 876282
200, 888331
201, 866348
202, 895408
203, 876097
204, 873013
205, 908862
206, 908234
207, 949749
208, 983018
209, 954062
210, 914159
211, 931723
212, 979790
213, 974429
214, 947512
215, 954470
216, 941897
217, 920918
218, 917575
219, 907230
220, 934226
221, 908124
222, 937355
223, 941643
224, 1070868
225, 1072571
226, 1111348
227, 1048478
228, 1062573
229, 1027628
230, 935196
231, 917277
232, 930797
233, 938807
234, 918506
235, 947572
236, 911399
237, 959152
238, 913380
239, 926090
240, 915922
241, 927660
242, 903820
243, 921452
244, 938657
245, 940461
246, 986177
247, 989080
248, 1038262
249, 1046571
250, 1437011
251, 1122171
252, 1145466
253, 1194036
254, 1061612
255, 1203929
256, 1064762
257, 942186
258, 1046749
259, 971913
260, 956527
261, 920711
262, 948398
263, 943106
264, 929060
265, 914363
266, 957838
267, 1004635
268, 978027
269, 986426
270, 957465
271, 971493
272, 947625
273, 949890
274, 964579
275, 1013451
276, 1010082
277, 961606
278, 971779
279, 952990
280, 931854
281, 932788
282, 933336
283, 931562
284, 986011
285, 931625
286, 961570
287, 965448
288, 962972
289, 987937
290, 1010386
291, 1016622
292, 999489
293, 1013097
294, 981126
295, 1032741
296, 982266
297, 982676
298, 1015127
299, 970099
300, 966006
301, 962995
302, 982084
303, 958057
304, 928900
305, 943713
306, 950377
307, 941462
308, 957826
309, 1023415
310, 1022234
311, 1001337
312, 1066343
313, 1020945
314, 1029618
315, 1010406
316, 1044531
317, 989197
318, 1043752
319, 983464
320, 999412
321, 964131
322, 1004105
323, 978537
324, 959768
325, 962831
326, 1034423
327, 964649
328, 967102
329, 1064811
330, 1106030
331, 1122054
332, 1086115
333, 1098747
334, 1060859
335, 1019665
336, 1047514
337, 1089297
338, 1094813
339, 996274
340, 970574
341, 996389
342, 985931
343, 965185
344, 974704
345, 984542
346, 986257
347, 969020
348, 998865
349, 1157143
350, 1121155
351, 1136117
352, 1107279
353, 1144773
354, 1105093
355, 1094797
356, 1038340
357, 1074820
358, 1041870
359, 1032538
360, 1063263
361, 1025867
362, 1009132
363, 1001991
364, 1106817
365, 1012822
366, 1046701
367, 1092601
368, 1139279
369, 1067125
370, 1113905
371, 1082697
372, 1267908
373, 1132576
374, 1101968
375, 1119076
376, 1050874
377, 1051201
378, 1044647
379, 1059082
380, 1029969
381, 1071794
382, 1088100
383, 1129384
384, 1102594
385, 1103346
386, 1128098
387, 1113471
388, 1115098
389, 1157436
390, 1143666
391, 1198369
392, 1146063
393, 1090732
394, 1120114
395, 1104467
396, 1099316
397, 1132582
398, 1092809
399, 1078189
400, 1081383
401, 1069280
402, 1144086
403, 1108248
404, 1136615
405, 1149758
406, 1126967
407, 1123034
408, 1127309
409, 1132517
410, 1119262
411, 1179828
412, 1114460
413, 1112636
414, 1137556
415, 1139486
416, 1156295
417, 1167018
418, 1148270
419, 1188133
420, 1164713
421, 1155708
422, 1219453
423, 1189532
424, 1171576
425, 1151550
426, 1156344
427, 1172100
428, 1151278
429, 1201296
430, 1184243
431, 1142991
432, 1127068
433, 1140068
434, 1203401
435, 1147124
436, 1137699
437, 1140934
438, 1196337
439, 1193342
440, 1214749
441, 1228260
442, 1253730
443, 1221151
444, 1176462
445, 1197793
446, 1253649
447, 1192272
448, 1188329
449, 1181156
450, 1174195
451, 1166251
452, 1192289
453, 1144689
454, 1128381
455, 1198016
456, 1256752
457, 1199397
458, 1210471
459, 1205983
460, 1207695
461, 1191574
462, 1199801
463, 1197217
464, 1190564
465, 1128169
466, 1165826
467, 1219217
468, 1144791
469, 1128854
470, 1129737
471, 1139806
472, 1161824
473, 1217200
474, 1217544
475, 1204741
476, 1225497
477, 1237115
478, 1200946
479, 1203526
480, 1226850
481, 1183145
482, 1215746
483, 1182758
484, 1159828
485, 1159093
486, 1195899
487, 1177165
488, 1165769
489, 1241128
490, 1259057
491, 1286865
492, 1317796
493, 1299164
494, 1315967
495, 1257624
496, 1247947
497, 1248130
498, 1281327
499, 1212591
500, 1182544
501, 1218543
502, 1211501
503, 1157077
504, 1202044
505, 1190849
506, 1311098
507, 1303278
508, 1269046
509, 1262164
510, 1261061
511, 1260895
512, 1316196
513, 1313968
514, 1316430
515, 1407490
516, 1274315
517, 1283531
518, 1343812
519, 1362164
520, 1241154
521, 1427831
522, 1330120
523, 1346067
524, 1363073
525, 1363597
526, 1379034
527, 1317076
528, 1334428
529, 1608143
530, 1233692
531, 1263723
532, 1233037
533, 1220885
534, 1239773
535, 1223926
536, 1310040
537, 1324897
538, 1310465
539, 1393295
540, 1434403
541, 1360704
542, 1322855
543, 1310292
544, 1318353
545, 1298356
546, 1297871
547, 1316472
548, 1284800
549, 1270157
550, 1253356
551, 1227917
552, 1327183
553, 1332789
554, 1291501
555, 1342879
556, 1388217
557, 1298288
558, 1636444
559, 1304718
560, 1261497
561, 1304397
562, 1283261
563, 1248234
564, 1240750
565, 1255963
566, 1615953
567, 1393229
568, 1351799
569, 1337452
570, 1355603
571, 1357216
572, 1463575
573, 1379582
574, 1357293
575, 1344013
576, 1322610
577, 1366475
578, 1318158
579, 1308132
580, 1324707
581, 1313651
582, 1397004
583, 1433511
584, 1381544
585, 1380953
586, 1374846
587, 1352071
588, 1386970
589, 1334877
590, 1299507
591, 1274516
592, 1271751
593, 1274334
594, 1273612
595, 1268930
596, 1328192
597, 1460021
598, 1439700
599, 1387722
600, 1444572
601, 1349150
602, 1418756
603, 1446194
604, 1423071
605, 1498554
606, 1330137
607, 1325393
608, 1366798
609, 1546866
610, 1348953
611, 1351910
612, 1388073
613, 1407937
614, 1391650
615, 1364010
616, 1370446
617, 1486848
618, 1313026
619, 1334734
620, 1361945
621, 1292139
622, 1283283
623, 1307580
624, 1278765
625, 1300065
626, 1386215
627, 1406939
628, 1488971
629, 1347301
630, 1479938
631, 1460551
632, 1502868
633, 1446069
634, 1444116
635, 1674233
636, 1402412
637, 1396730
638, 1412840
639, 1449464
640, 1423803
641, 1401785
642, 1421449
643, 1500938
644, 1462804
645, 1512147
646, 1477455
647, 1427561
648, 1526880
649, 1468244
650, 1433528
651, 1404768
652, 1394561
653, 1369952
654, 1395902
655, 1533361
656, 1468347
657, 1451056
658, 1436739
659, 1433582
660, 1417030
661, 1458358
662, 1459330
663, 1456959
664, 1482089
665, 1512505
666, 1434073
667, 1545505
668, 1543520
669, 1442182
670, 1439002
671, 1461944
672, 1463059
673, 1578582
674, 1468398
675, 1535062
676, 1517651
677, 1533157
678, 1451378
679, 1430171
680, 1435615
681, 1399588
682, 1467729
683, 1429047
684, 1419789
685, 1418467
686, 1453740
687, 1427698
688, 1424913
689, 1436273
690, 1456314
691, 1414867
692, 1378365
693, 1397321
694, 1389029
695, 1364574
696, 1418357
697, 1439869
698, 1446216
699, 1458444
700, 1438911
701, 1429338
702, 1438691
703, 1424123
704, 1422161
705, 1391625
706, 1398496
707, 1368905
708, 1357471
709, 1333958
710, 1362945
711, 1386221
712, 1439910
713, 1454939
714, 1619117
715, 1464963
716, 1536826
717, 1551778
718, 1455643
719, 1376574
720, 1382957
721, 1429953
722, 1445681
723, 1403174
724, 1489685
725, 1417784
726, 1489343
727, 1381169
728, 1357925
729, 1729839
730, 1714753
731, 1706292
732, 1695515
733, 1698079
734, 1697036
735, 1720395
736, 1429581
737, 1452013
738, 1431664
739, 1424172
740, 1772825
741, 1424215
742, 1434355
743, 1402543
744, 1446006
745, 1421772
746, 1414245
747, 1379727
748, 1390953
749, 1395415
750, 1366654
751, 1376303
752, 1343886
753, 1376317
754, 1469056
755, 1466246
756, 1428647
757, 1431450
758, 1437200
759, 1446621
760, 1575584
761, 2084509
762, 1452828
763, 1419763
764, 1413519
765, 1423392
766, 1438812
767, 1501314
768, 1461962
769, 1432862
770, 1476604
771, 1463654
772, 1460045
773, 1481609
774, 1463632
775, 1462191
776, 1415704
777, 1457767
778, 1489034
779, 1492395
780, 1462739
781, 1455568
782, 1507722
783, 1545376
784, 1446451
785, 1499977
786, 1429834
787, 1440872
788, 1457804
789, 1448263
790, 1406757
791, 1433286
792, 1488359
793, 1582677
794, 1526810
795, 1513851
796, 1468913
797, 1574448
798, 1529801
799, 1478942
800, 1482458
801, 1434787
802, 1455349
803, 1459165
804, 1414192
805, 1422316
806, 1433136
807, 1443689
808, 1441287
809, 1466479
810, 1460142
811, 1471912
812, 1468097
813, 1478614
814, 1446433
815, 1440349
816, 1452297
817, 1408416
818, 1376574
819, 1397192
820, 1365404
821, 1370122
822, 1361106
823, 1382416
824, 1483986
825, 1488226
826, 1452386
827, 1455077
828, 1440633
829, 1450656
830, 1415292
831, 1414985
832, 1392756
833, 1383940
834, 1399964
835, 1382847
836, 1377837
837, 1415324
838, 1396516
839, 1523578
840, 1449182
841, 1457636
842, 1583512
843, 1446356
844, 1465992
845, 1469629
846, 1420618
847, 1410349
848, 1386904
849, 1370062
850, 1365328
851, 1360980
852, 1383684
853, 1367563
854, 1451584
855, 1458921
856, 1460529
857, 1458073
858, 1445183
859, 1450642
860, 1459736
861, 1405888
862, 1378880
863, 1462172
864, 1480585
865, 1517000
866, 1503060
867, 1491054
868, 1605002
869, 1595179
870, 1584774
871, 1541824
872, 1576557
873, 1582747
874, 1514733
875, 1558595
876, 1625890
877, 1744207
878, 1757083
879, 1647507
880, 1701676
881, 1679666
882, 1691703
883, 1644481
884, 1633321
885, 1700630
886, 1681552
887, 1663231
888, 1715495
889, 1908320
890, 2307972
891, 2145148
892, 1751856
893, 1689055
894, 1819213
895, 1813659
896, 1788965
897, 2127534
898, 1702247
899, 1638622
900, 1658846
901, 1633402
902, 1622254
903, 1618010
904, 1720814
905, 1810840
906, 1739488
907, 1728860
908, 1777186
909, 1762970
910, 1680684
911, 1639040
912, 1637539
913, 1701838
914, 1762922
915, 1875239
916, 1911104
917, 1870172
918, 1912468
919, 1835480
920, 1757907
921, 1724472
922, 1613992
923, 1677194
924, 1598219
925, 1576476
926, 1575958
927, 1661274
928, 1890133
929, 1846449
930, 2561390
931, 1754687
932, 1721285
933, 1744748
934, 1641509
935, 1569621
936, 1562984
937, 1569756
938, 1571417
939, 1645441
940, 1759869
941, 1647377
942, 1643730
943, 1635892
944, 1673835
945, 1636177
946, 1643622
947, 1582411
948, 1591725
949, 1565351
950, 1589264
951, 1546182
952, 1564299
953, 1640677
954, 1680219
955, 1635588
956, 1677253
957, 1651257
958, 1649314
959, 1652137
960, 1627038
961, 1642415
962, 1613326
963, 1593066
964, 1568852
965, 1577175
966, 1719047
967, 1674960
968, 1672610
969, 1710732
970, 1656961
971, 1617977
972, 1607258
973, 1582395
974, 1611017
975, 1564103
976, 1570461
977, 1562694
978, 1565281
979, 1684918
980, 1649437
981, 1725604
982, 1725480
983, 1728754
984, 1721689
985, 1686397
986, 1696826
987, 1670990
988, 1655644
989, 1715256
990, 4497204
991, 2687931
992, 1902411
993, 1715773
994, 1732702
995, 1706342
996, 1678507
997, 1628632
998, 1616586
999, 1612299
1000, 1632118
